chromosome_index	position	cluster_index
1	1	2
1	2	1
1	3	2
1	4	0
1	5	2
1	6	0
1	7	0
1	8	2
1	9	1
1	10	0
1	11	0
1	12	0
1	13	0
1	14	0
1	15	0
1	16	2
1	17	1
1	18	2
1	19	2
1	20	2
1	21	2
1	22	2
1	23	2
1	24	2
1	25	2
1	26	0
1	27	0
1	28	0
1	29	0
1	30	0
1	31	0
1	32	2
1	33	2
1	34	0
1	35	0
1	36	0
1	37	0
1	38	2
1	39	2
1	40	0
1	41	2
1	42	2
1	43	2
1	44	2
1	45	2
1	46	2
1	47	0
1	48	2
1	49	2
1	50	2
1	51	2
1	52	0
1	53	2
1	54	0
1	55	1
1	56	1
1	57	0
1	58	2
1	59	0
1	60	0
1	61	2
1	62	1
1	63	2
1	64	2
1	65	0
1	66	2
1	67	2
1	68	2
1	69	0
1	70	0
1	71	0
1	72	1
1	73	2
1	74	0
1	75	0
1	76	2
1	77	2
1	78	2
1	79	0
1	80	2
1	81	0
1	82	2
1	83	2
1	84	1
1	85	2
1	86	2
1	87	2
1	88	2
1	89	2
1	90	0
1	91	2
1	92	2
1	93	0
1	94	2
1	95	0
1	96	0
1	97	0
1	98	0
1	99	2
1	100	1
1	101	1
1	102	0
1	103	1
1	104	0
1	105	2
1	106	1
1	107	0
1	108	2
1	109	2
1	110	0
1	111	2
1	112	0
1	113	0
1	114	0
1	115	0
1	116	2
1	117	2
1	118	2
1	119	2
1	120	0
1	121	0
1	122	0
1	123	0
1	124	0
1	125	0
1	126	0
1	127	0
1	128	1
1	129	2
1	130	0
1	131	2
1	132	1
1	133	0
1	134	2
1	135	2
1	136	2
1	137	2
1	138	0
1	139	0
1	140	2
1	141	1
1	142	0
1	143	1
1	144	0
1	145	2
1	146	2
1	147	0
1	148	0
1	149	0
1	150	2
1	151	0
1	152	0
1	153	0
1	154	1
1	155	1
1	156	2
1	157	1
1	158	2
1	159	2
1	160	0
1	161	0
1	162	0
1	163	2
1	164	0
1	165	0
1	166	0
1	167	0
1	168	0
1	169	0
1	170	2
1	171	1
1	172	1
1	173	2
1	174	1
1	175	1
1	176	2
1	177	2
1	178	2
1	179	2
1	180	2
1	181	2
1	182	1
1	183	2
1	184	2
1	185	2
1	186	1
1	187	1
1	188	1
1	189	2
1	190	2
1	191	0
1	192	1
1	193	1
1	194	2
1	195	2
1	196	2
1	197	1
1	198	2
1	199	1
1	200	2
1	201	2
1	202	2
1	203	1
1	204	2
1	205	1
1	206	2
1	207	2
1	208	2
1	209	2
1	210	0
1	211	2
1	212	2
1	213	2
1	214	2
1	215	1
1	216	1
1	217	1
1	218	2
1	219	2
1	220	1
1	221	2
1	222	1
1	223	2
1	224	2
1	225	1
1	226	1
1	227	1
1	228	1
1	229	2
1	230	1
1	231	2
1	232	2
1	233	1
1	234	2
1	235	2
1	236	2
1	237	2
1	238	1
1	239	2
1	240	0
1	241	1
1	242	0
1	243	2
1	244	2
1	245	0
1	246	2
1	247	2
1	248	0
1	249	0
1	250	2
1	251	2
1	252	2
1	253	2
1	254	2
1	255	0
1	256	0
1	257	0
1	258	1
1	259	1
1	260	0
1	261	2
1	262	0
1	263	0
1	264	2
1	265	2
1	266	0
1	267	2
1	268	0
1	269	2
1	270	2
1	271	0
1	272	2
1	273	2
1	274	0
1	275	0
1	276	2
1	277	0
1	278	2
1	279	2
1	280	0
1	281	0
1	282	2
1	283	2
1	284	0
1	285	2
1	286	2
1	287	0
1	288	2
1	289	0
1	290	1
1	291	0
1	292	2
1	293	0
1	294	0
1	295	0
1	296	2
1	297	2
1	298	1
1	299	2
1	300	2
1	301	2
1	302	1
1	303	2
1	304	0
1	305	0
1	306	0
1	307	0
1	308	0
1	309	2
1	310	0
1	311	0
1	312	2
1	313	0
1	314	0
1	315	1
1	316	0
1	317	0
1	318	0
1	319	0
1	320	0
1	321	2
1	322	2
1	323	0
1	324	1
1	325	0
1	326	2
1	327	2
1	328	2
1	329	2
1	330	2
1	331	1
1	332	0
1	333	2
1	334	2
1	335	2
1	336	2
1	337	0
1	338	0
1	339	0
1	340	2
1	341	0
1	342	0
1	343	0
1	344	1
1	345	2
1	346	0
1	347	0
1	348	2
1	349	0
1	350	2
1	351	2
1	352	2
1	353	2
1	354	0
1	355	2
1	356	2
1	357	2
1	358	1
1	359	2
1	360	2
1	361	0
1	362	2
1	363	2
1	364	2
2	365	2
2	366	0
2	367	2
2	368	0
2	369	1
2	370	2
2	371	0
2	372	2
2	373	0
2	374	2
2	375	2
2	376	0
2	377	2
2	378	2
2	379	2
2	380	0
2	381	1
2	382	1
2	383	1
2	384	0
2	385	0
2	386	2
2	387	0
2	388	0
2	389	2
2	390	2
2	391	0
2	392	0
2	393	0
2	394	1
2	395	0
2	396	0
2	397	0
2	398	0
2	399	2
2	400	0
2	401	0
2	402	0
2	403	0
2	404	2
2	405	2
2	406	0
2	407	1
2	408	0
2	409	0
2	410	2
2	411	2
2	412	1
2	413	2
2	414	0
2	415	0
2	416	2
2	417	0
2	418	2
2	419	0
2	420	2
2	421	2
2	422	0
2	423	0
2	424	0
2	425	2
2	426	1
2	427	0
2	428	2
2	429	2
2	430	0
2	431	2
2	432	2
2	433	0
2	434	0
2	435	0
2	436	0
2	437	0
2	438	2
2	439	0
2	440	0
2	441	2
2	442	2
2	443	2
2	444	2
2	445	2
2	446	2
2	447	2
2	448	2
2	449	2
2	450	0
2	451	1
2	452	2
2	453	1
2	454	2
2	455	0
2	456	0
2	457	1
2	458	2
2	459	0
2	460	1
2	461	1
2	462	1
2	463	0
2	464	1
2	465	0
2	466	0
2	467	2
2	468	0
2	469	0
2	470	2
2	471	0
2	472	0
2	473	0
2	474	2
2	475	2
2	476	0
2	477	0
2	478	2
2	479	0
2	480	2
2	481	0
2	482	2
2	483	2
2	484	2
2	485	1
2	486	0
2	487	2
2	488	1
2	489	1
2	490	1
2	491	2
2	492	2
2	493	2
2	494	2
2	495	2
2	496	2
2	497	1
2	498	2
2	499	1
2	500	2
2	501	2
2	502	2
2	503	0
2	504	2
2	505	2
2	506	2
2	507	2
2	508	2
2	509	1
2	510	0
2	511	2
2	512	2
2	513	2
2	514	0
2	515	2
2	516	2
2	517	2
2	518	2
2	519	1
2	520	2
2	521	2
2	522	2
2	523	2
2	524	0
2	525	1
2	526	2
2	527	0
2	528	2
2	529	2
2	530	0
2	531	0
2	532	0
2	533	0
2	534	0
2	535	0
2	536	1
2	537	2
2	538	2
2	539	0
2	540	2
2	541	0
2	542	0
2	543	0
2	544	2
2	545	2
2	546	1
2	547	1
2	548	2
2	549	2
2	550	1
2	551	2
2	552	2
2	553	2
2	554	1
2	555	2
2	556	2
2	557	2
2	558	2
2	559	1
2	560	2
2	561	2
2	562	0
2	563	2
2	564	0
2	565	0
2	566	1
2	567	0
2	568	0
2	569	0
2	570	0
2	571	2
2	572	0
2	573	2
2	574	0
2	575	0
2	576	2
2	577	0
2	578	0
2	579	0
2	580	0
2	581	1
2	582	0
2	583	0
2	584	2
2	585	1
2	586	2
2	587	2
2	588	2
2	589	2
2	590	2
2	591	2
2	592	2
2	593	2
2	594	2
2	595	2
2	596	2
2	597	2
2	598	2
2	599	2
2	600	2
2	601	2
2	602	2
2	603	2
2	604	0
2	605	0
2	606	2
2	607	1
2	608	0
2	609	0
2	610	0
2	611	2
2	612	0
2	613	0
2	614	2
2	615	0
2	616	0
2	617	0
2	618	2
2	619	0
2	620	0
2	621	0
2	622	2
2	623	2
2	624	2
2	625	1
2	626	2
2	627	2
2	628	2
2	629	0
2	630	2
2	631	0
2	632	1
2	633	2
2	634	2
2	635	0
2	636	0
2	637	0
2	638	0
2	639	0
2	640	0
2	641	0
2	642	2
2	643	0
2	644	2
2	645	2
2	646	0
2	647	0
2	648	2
2	649	2
2	650	0
2	651	0
2	652	2
2	653	0
2	654	0
2	655	0
2	656	0
2	657	2
2	658	2
2	659	0
2	660	0
2	661	2
2	662	2
2	663	0
2	664	0
2	665	2
2	666	2
2	667	2
2	668	2
2	669	1
2	670	0
2	671	0
2	672	2
2	673	2
2	674	0
2	675	0
2	676	1
2	677	0
2	678	0
2	679	0
2	680	0
2	681	0
2	682	0
2	683	2
2	684	0
2	685	0
2	686	0
2	687	2
2	688	2
2	689	0
2	690	2
2	691	2
2	692	2
2	693	2
2	694	2
2	695	2
2	696	0
2	697	0
2	698	2
2	699	2
2	700	0
2	701	2
2	702	2
2	703	0
2	704	0
2	705	2
2	706	2
2	707	0
2	708	0
2	709	2
2	710	1
2	711	2
2	712	0
2	713	0
2	714	0
2	715	0
2	716	0
2	717	0
2	718	0
2	719	2
2	720	2
2	721	0
2	722	0
2	723	2
2	724	2
2	725	1
2	726	1
2	727	0
2	728	0
2	729	0
2	730	0
2	731	0
2	732	0
2	733	1
2	734	1
2	735	0
2	736	0
2	737	0
2	738	2
2	739	2
2	740	2
2	741	0
2	742	2
3	743	0
3	744	1
3	745	2
3	746	2
3	747	0
3	748	0
3	749	2
3	750	1
3	751	0
3	752	2
3	753	0
3	754	2
3	755	2
3	756	1
3	757	0
3	758	0
3	759	2
3	760	2
3	761	0
3	762	2
3	763	0
3	764	2
3	765	1
3	766	2
3	767	2
3	768	2
3	769	0
3	770	0
3	771	0
3	772	2
3	773	2
3	774	2
3	775	0
3	776	0
3	777	2
3	778	0
3	779	2
3	780	2
3	781	2
3	782	2
3	783	2
3	784	0
3	785	0
3	786	0
3	787	2
3	788	0
3	789	1
3	790	0
3	791	2
3	792	2
3	793	2
3	794	1
3	795	2
3	796	0
3	797	2
3	798	0
3	799	0
3	800	2
3	801	0
3	802	2
3	803	1
3	804	0
3	805	2
3	806	0
3	807	0
3	808	2
3	809	0
3	810	0
3	811	0
3	812	0
3	813	0
3	814	0
3	815	1
3	816	1
3	817	2
3	818	0
3	819	2
3	820	0
3	821	2
3	822	0
3	823	2
3	824	0
3	825	2
3	826	0
3	827	0
3	828	2
3	829	2
3	830	1
3	831	0
3	832	0
3	833	1
3	834	2
3	835	0
3	836	1
3	837	0
3	838	2
3	839	0
3	840	2
3	841	0
3	842	0
3	843	2
3	844	0
3	845	0
3	846	0
3	847	0
3	848	2
3	849	0
3	850	0
3	851	0
3	852	0
3	853	0
3	854	2
3	855	0
3	856	0
3	857	0
3	858	2
3	859	2
3	860	2
3	861	2
3	862	2
3	863	2
3	864	0
3	865	2
3	866	2
3	867	0
3	868	0
3	869	0
3	870	0
3	871	0
3	872	0
3	873	1
3	874	2
3	875	0
3	876	2
3	877	2
3	878	2
3	879	2
3	880	2
3	881	0
3	882	2
3	883	0
3	884	0
3	885	0
3	886	0
3	887	0
3	888	0
3	889	0
3	890	0
3	891	2
3	892	0
3	893	0
3	894	2
3	895	0
3	896	2
3	897	0
3	898	0
3	899	0
3	900	2
3	901	0
3	902	0
3	903	0
3	904	0
3	905	2
3	906	2
3	907	2
3	908	0
3	909	1
3	910	2
3	911	0
3	912	0
3	913	2
3	914	2
3	915	0
3	916	1
3	917	2
3	918	2
3	919	0
3	920	0
3	921	2
3	922	0
3	923	0
3	924	0
3	925	0
3	926	2
3	927	2
3	928	2
3	929	0
3	930	2
3	931	1
3	932	0
3	933	0
3	934	1
3	935	0
3	936	0
3	937	0
3	938	0
3	939	0
3	940	2
3	941	0
3	942	2
3	943	2
3	944	1
3	945	2
3	946	2
3	947	1
3	948	0
3	949	1
3	950	0
3	951	0
3	952	0
3	953	0
3	954	0
3	955	0
3	956	0
3	957	2
3	958	2
3	959	0
3	960	2
3	961	2
3	962	2
3	963	0
3	964	0
3	965	0
3	966	0
3	967	0
3	968	0
3	969	0
3	970	0
3	971	1
3	972	0
3	973	2
3	974	0
3	975	0
3	976	2
3	977	2
3	978	2
3	979	0
3	980	0
3	981	0
3	982	1
3	983	1
3	984	2
3	985	0
3	986	2
3	987	0
3	988	1
3	989	2
3	990	1
3	991	1
3	992	2
3	993	0
3	994	2
3	995	1
3	996	1
3	997	2
3	998	1
3	999	2
3	1000	2
3	1001	0
3	1002	1
3	1003	2
3	1004	1
3	1005	1
3	1006	2
3	1007	1
3	1008	2
4	1009	2
4	1010	2
4	1011	0
4	1012	2
4	1013	2
4	1014	2
4	1015	2
4	1016	2
4	1017	2
4	1018	2
4	1019	0
4	1020	0
4	1021	2
4	1022	1
4	1023	0
4	1024	0
4	1025	2
4	1026	2
4	1027	2
4	1028	0
4	1029	2
4	1030	1
4	1031	0
4	1032	0
4	1033	1
4	1034	2
4	1035	0
4	1036	1
4	1037	0
4	1038	0
4	1039	2
4	1040	0
4	1041	1
4	1042	0
4	1043	0
4	1044	0
4	1045	0
4	1046	2
4	1047	0
4	1048	2
4	1049	2
4	1050	0
4	1051	0
4	1052	0
4	1053	0
4	1054	0
4	1055	0
4	1056	0
4	1057	0
4	1058	0
4	1059	0
4	1060	0
4	1061	0
4	1062	0
4	1063	0
4	1064	0
4	1065	0
4	1066	0
4	1067	0
4	1068	0
4	1069	2
4	1070	1
4	1071	0
4	1072	2
4	1073	2
4	1074	2
4	1075	2
4	1076	0
4	1077	0
4	1078	0
4	1079	2
4	1080	2
4	1081	0
4	1082	2
4	1083	2
4	1084	0
4	1085	0
4	1086	2
4	1087	2
4	1088	1
4	1089	2
4	1090	2
4	1091	2
4	1092	2
4	1093	2
4	1094	2
4	1095	2
4	1096	2
4	1097	1
4	1098	2
4	1099	0
4	1100	0
4	1101	2
4	1102	0
4	1103	2
4	1104	0
4	1105	0
4	1106	0
4	1107	2
4	1108	0
4	1109	0
4	1110	0
4	1111	0
4	1112	0
4	1113	0
4	1114	0
4	1115	0
4	1116	0
4	1117	0
4	1118	2
4	1119	0
4	1120	0
4	1121	2
4	1122	0
4	1123	0
4	1124	1
4	1125	0
4	1126	2
4	1127	0
4	1128	0
4	1129	0
4	1130	0
4	1131	0
4	1132	2
4	1133	0
4	1134	0
4	1135	0
4	1136	1
4	1137	0
4	1138	0
4	1139	2
4	1140	0
4	1141	2
4	1142	1
4	1143	1
4	1144	0
4	1145	0
4	1146	0
4	1147	2
4	1148	2
4	1149	0
4	1150	1
4	1151	0
4	1152	2
4	1153	2
4	1154	2
4	1155	0
4	1156	0
4	1157	0
4	1158	2
4	1159	2
4	1160	2
4	1161	0
4	1162	0
4	1163	2
4	1164	2
4	1165	0
4	1166	0
4	1167	0
4	1168	0
4	1169	0
4	1170	0
4	1171	2
4	1172	0
4	1173	0
4	1174	2
4	1175	2
4	1176	1
4	1177	2
4	1178	1
4	1179	0
4	1180	0
4	1181	2
4	1182	2
4	1183	2
4	1184	0
4	1185	0
4	1186	0
4	1187	2
4	1188	2
4	1189	0
4	1190	0
4	1191	0
4	1192	0
4	1193	2
4	1194	2
4	1195	2
4	1196	2
4	1197	2
4	1198	0
4	1199	0
4	1200	0
4	1201	0
4	1202	0
4	1203	0
4	1204	0
4	1205	0
4	1206	2
4	1207	0
4	1208	1
4	1209	1
4	1210	2
4	1211	2
4	1212	1
4	1213	2
4	1214	2
4	1215	2
4	1216	0
4	1217	2
4	1218	0
4	1219	0
4	1220	0
4	1221	0
4	1222	1
4	1223	1
4	1224	1
4	1225	0
4	1226	2
4	1227	2
4	1228	2
4	1229	0
4	1230	0
4	1231	0
4	1232	0
4	1233	2
4	1234	2
4	1235	2
4	1236	1
4	1237	1
4	1238	2
4	1239	2
4	1240	2
4	1241	0
4	1242	2
4	1243	2
4	1244	2
4	1245	0
4	1246	0
4	1247	0
4	1248	2
4	1249	2
4	1250	2
4	1251	0
4	1252	0
4	1253	0
4	1254	0
4	1255	1
4	1256	2
4	1257	2
4	1258	2
4	1259	2
4	1260	2
4	1261	0
4	1262	0
4	1263	0
4	1264	0
4	1265	0
4	1266	2
4	1267	0
4	1268	2
4	1269	2
4	1270	0
4	1271	0
4	1272	0
4	1273	0
4	1274	0
4	1275	0
4	1276	2
4	1277	0
4	1278	2
4	1279	2
4	1280	0
4	1281	0
4	1282	2
4	1283	0
4	1284	0
4	1285	0
4	1286	0
4	1287	2
4	1288	2
4	1289	2
4	1290	2
4	1291	0
4	1292	2
4	1293	0
4	1294	0
4	1295	0
4	1296	0
4	1297	1
4	1298	0
4	1299	0
4	1300	2
4	1301	0
4	1302	0
4	1303	0
4	1304	0
4	1305	1
4	1306	0
4	1307	2
4	1308	0
4	1309	0
4	1310	0
4	1311	2
4	1312	2
4	1313	0
4	1314	0
4	1315	0
4	1316	0
4	1317	0
4	1318	0
5	1319	2
5	1320	2
5	1321	0
5	1322	0
5	1323	1
5	1324	1
5	1325	0
5	1326	2
5	1327	1
5	1328	2
5	1329	0
5	1330	0
5	1331	0
5	1332	2
5	1333	0
5	1334	0
5	1335	0
5	1336	0
5	1337	0
5	1338	0
5	1339	0
5	1340	2
5	1341	0
5	1342	1
5	1343	0
5	1344	0
5	1345	0
5	1346	1
5	1347	2
5	1348	2
5	1349	2
5	1350	2
5	1351	1
5	1352	0
5	1353	2
5	1354	0
5	1355	0
5	1356	2
5	1357	0
5	1358	0
5	1359	0
5	1360	0
5	1361	0
5	1362	0
5	1363	2
5	1364	2
5	1365	2
5	1366	2
5	1367	2
5	1368	0
5	1369	2
5	1370	2
5	1371	0
5	1372	0
5	1373	2
5	1374	2
5	1375	1
5	1376	1
5	1377	0
5	1378	2
5	1379	1
5	1380	0
5	1381	0
5	1382	0
5	1383	2
5	1384	0
5	1385	1
5	1386	2
5	1387	2
5	1388	0
5	1389	0
5	1390	0
5	1391	0
5	1392	2
5	1393	2
5	1394	0
5	1395	0
5	1396	2
5	1397	2
5	1398	1
5	1399	0
5	1400	0
5	1401	2
5	1402	2
5	1403	0
5	1404	0
5	1405	0
5	1406	0
5	1407	0
5	1408	2
5	1409	1
5	1410	0
5	1411	0
5	1412	0
5	1413	2
5	1414	0
5	1415	0
5	1416	2
5	1417	2
5	1418	0
5	1419	0
5	1420	2
5	1421	2
5	1422	2
5	1423	0
5	1424	0
5	1425	0
5	1426	2
5	1427	0
5	1428	0
5	1429	0
5	1430	2
5	1431	0
5	1432	2
5	1433	1
5	1434	2
5	1435	1
5	1436	2
5	1437	1
5	1438	0
5	1439	0
5	1440	0
5	1441	0
5	1442	2
5	1443	2
5	1444	2
5	1445	2
5	1446	0
5	1447	2
5	1448	2
5	1449	0
5	1450	2
5	1451	0
5	1452	0
5	1453	1
5	1454	2
5	1455	0
5	1456	1
5	1457	0
5	1458	0
5	1459	0
5	1460	2
5	1461	1
5	1462	0
5	1463	0
5	1464	2
5	1465	0
5	1466	0
5	1467	0
5	1468	0
5	1469	2
5	1470	0
5	1471	0
5	1472	2
5	1473	2
5	1474	0
5	1475	0
5	1476	2
5	1477	0
5	1478	0
5	1479	1
5	1480	2
5	1481	2
5	1482	0
5	1483	2
5	1484	2
5	1485	2
5	1486	2
5	1487	0
5	1488	0
5	1489	0
5	1490	0
5	1491	0
5	1492	2
5	1493	1
5	1494	0
5	1495	0
5	1496	1
5	1497	2
5	1498	2
5	1499	0
5	1500	2
5	1501	0
5	1502	0
5	1503	0
5	1504	0
5	1505	0
5	1506	0
5	1507	0
5	1508	2
5	1509	2
5	1510	0
5	1511	0
5	1512	0
5	1513	0
5	1514	0
5	1515	0
5	1516	2
5	1517	1
5	1518	2
5	1519	2
5	1520	2
5	1521	1
5	1522	2
5	1523	2
5	1524	0
5	1525	0
5	1526	0
5	1527	0
5	1528	0
5	1529	2
5	1530	0
5	1531	2
5	1532	1
5	1533	0
5	1534	0
5	1535	0
5	1536	0
5	1537	2
5	1538	0
5	1539	2
5	1540	0
5	1541	2
5	1542	1
5	1543	2
5	1544	2
5	1545	2
5	1546	0
5	1547	1
5	1548	0
5	1549	0
5	1550	2
5	1551	0
5	1552	1
5	1553	1
5	1554	0
5	1555	0
5	1556	0
5	1557	0
5	1558	2
5	1559	0
5	1560	0
5	1561	0
5	1562	2
5	1563	2
5	1564	0
5	1565	2
5	1566	2
5	1567	2
5	1568	0
5	1569	2
5	1570	0
5	1571	2
5	1572	2
5	1573	2
5	1574	0
5	1575	0
5	1576	0
5	1577	0
5	1578	0
5	1579	0
5	1580	0
5	1581	0
5	1582	0
5	1583	0
5	1584	0
5	1585	2
5	1586	0
5	1587	2
5	1588	2
5	1589	0
5	1590	2
5	1591	0
5	1592	2
5	1593	0
5	1594	0
5	1595	1
5	1596	2
5	1597	2
5	1598	2
5	1599	1
5	1600	2
5	1601	2
5	1602	1
5	1603	1
5	1604	1
5	1605	0
5	1606	1
6	1607	0
6	1608	0
6	1609	2
6	1610	0
6	1611	2
6	1612	2
6	1613	2
6	1614	2
6	1615	0
6	1616	0
6	1617	2
6	1618	2
6	1619	0
6	1620	0
6	1621	0
6	1622	0
6	1623	0
6	1624	0
6	1625	2
6	1626	0
6	1627	0
6	1628	0
6	1629	1
6	1630	1
6	1631	0
6	1632	2
6	1633	1
6	1634	0
6	1635	0
6	1636	0
6	1637	2
6	1638	2
6	1639	2
6	1640	1
6	1641	1
6	1642	2
6	1643	2
6	1644	2
6	1645	2
6	1646	1
6	1647	0
6	1648	2
6	1649	2
6	1650	2
6	1651	0
6	1652	2
6	1653	2
6	1654	1
6	1655	2
6	1656	0
6	1657	0
6	1658	2
6	1659	0
6	1660	1
6	1661	0
6	1662	0
6	1663	0
6	1664	0
6	1665	0
6	1666	0
6	1667	0
6	1668	0
6	1669	0
6	1670	2
6	1671	1
6	1672	2
6	1673	0
6	1674	2
6	1675	0
6	1676	2
6	1677	2
6	1678	2
6	1679	0
6	1680	0
6	1681	0
6	1682	2
6	1683	0
6	1684	2
6	1685	2
6	1686	0
6	1687	2
6	1688	0
6	1689	0
6	1690	0
6	1691	2
6	1692	0
6	1693	2
6	1694	0
6	1695	1
6	1696	1
6	1697	0
6	1698	0
6	1699	0
6	1700	0
6	1701	0
6	1702	2
6	1703	0
6	1704	1
6	1705	2
6	1706	1
6	1707	2
6	1708	0
6	1709	0
6	1710	0
6	1711	0
6	1712	2
6	1713	2
6	1714	1
6	1715	2
6	1716	2
6	1717	0
6	1718	1
6	1719	0
6	1720	0
6	1721	0
6	1722	0
6	1723	2
6	1724	0
6	1725	0
6	1726	0
6	1727	0
6	1728	0
6	1729	0
6	1730	0
6	1731	2
6	1732	0
6	1733	0
6	1734	0
6	1735	0
6	1736	0
6	1737	0
6	1738	0
6	1739	2
6	1740	0
6	1741	0
6	1742	0
6	1743	0
6	1744	0
6	1745	0
6	1746	0
6	1747	0
6	1748	2
6	1749	0
6	1750	0
6	1751	0
6	1752	2
6	1753	2
6	1754	0
6	1755	2
6	1756	2
6	1757	2
6	1758	0
6	1759	2
6	1760	2
6	1761	0
6	1762	2
6	1763	1
6	1764	0
6	1765	0
6	1766	0
6	1767	2
6	1768	2
6	1769	2
6	1770	2
6	1771	0
6	1772	0
6	1773	1
6	1774	2
6	1775	2
6	1776	0
6	1777	0
6	1778	2
6	1779	0
6	1780	2
6	1781	0
6	1782	2
6	1783	2
6	1784	2
6	1785	1
6	1786	0
6	1787	0
6	1788	0
6	1789	1
6	1790	2
6	1791	0
6	1792	2
6	1793	0
6	1794	2
6	1795	0
6	1796	0
6	1797	1
6	1798	0
6	1799	0
6	1800	1
6	1801	0
6	1802	0
6	1803	0
6	1804	2
6	1805	0
6	1806	2
6	1807	2
6	1808	2
6	1809	2
6	1810	2
6	1811	2
6	1812	0
6	1813	2
6	1814	0
6	1815	1
6	1816	0
7	1817	2
7	1818	2
7	1819	2
7	1820	2
7	1821	2
7	1822	2
7	1823	0
7	1824	2
7	1825	1
7	1826	1
7	1827	2
7	1828	2
7	1829	2
7	1830	0
7	1831	0
7	1832	1
7	1833	0
7	1834	0
7	1835	0
7	1836	2
7	1837	0
7	1838	0
7	1839	2
7	1840	2
7	1841	2
7	1842	2
7	1843	0
7	1844	2
7	1845	2
7	1846	1
7	1847	0
7	1848	0
7	1849	2
7	1850	0
7	1851	0
7	1852	2
7	1853	0
7	1854	0
7	1855	0
7	1856	0
7	1857	1
7	1858	0
7	1859	0
7	1860	0
7	1861	2
7	1862	0
7	1863	0
7	1864	2
7	1865	2
7	1866	2
7	1867	2
7	1868	2
7	1869	0
7	1870	2
7	1871	2
7	1872	2
7	1873	0
7	1874	0
7	1875	0
7	1876	2
7	1877	0
7	1878	0
7	1879	0
7	1880	1
7	1881	1
7	1882	0
7	1883	2
7	1884	0
7	1885	2
7	1886	2
7	1887	0
7	1888	2
7	1889	2
7	1890	0
7	1891	2
7	1892	2
7	1893	0
7	1894	1
7	1895	1
7	1896	2
7	1897	1
7	1898	2
7	1899	2
7	1900	0
7	1901	2
7	1902	2
7	1903	1
7	1904	2
7	1905	2
7	1906	2
7	1907	2
7	1908	2
7	1909	2
7	1910	2
7	1911	2
7	1912	2
7	1913	2
7	1914	1
7	1915	2
7	1916	0
7	1917	0
7	1918	1
7	1919	1
7	1920	0
7	1921	2
7	1922	0
7	1923	2
7	1924	2
7	1925	2
7	1926	1
7	1927	2
7	1928	2
7	1929	2
7	1930	1
7	1931	0
7	1932	2
7	1933	2
7	1934	0
7	1935	2
7	1936	2
7	1937	2
7	1938	2
7	1939	1
7	1940	1
7	1941	2
7	1942	1
7	1943	1
7	1944	2
7	1945	2
7	1946	2
7	1947	2
7	1948	0
7	1949	2
7	1950	2
7	1951	1
7	1952	0
7	1953	2
7	1954	2
7	1955	0
7	1956	2
7	1957	2
7	1958	0
7	1959	0
7	1960	2
7	1961	1
7	1962	1
7	1963	0
7	1964	0
7	1965	0
7	1966	0
7	1967	0
7	1968	2
7	1969	2
7	1970	2
7	1971	0
7	1972	0
7	1973	1
7	1974	2
7	1975	0
7	1976	0
7	1977	2
7	1978	2
7	1979	2
7	1980	2
7	1981	1
7	1982	2
7	1983	2
7	1984	1
7	1985	0
7	1986	1
7	1987	0
7	1988	1
7	1989	2
7	1990	1
7	1991	2
7	1992	2
7	1993	1
7	1994	1
7	1995	2
7	1996	2
7	1997	0
7	1998	0
7	1999	2
7	2000	0
7	2001	0
7	2002	0
7	2003	0
7	2004	2
7	2005	1
7	2006	0
7	2007	2
7	2008	2
7	2009	0
7	2010	0
7	2011	0
7	2012	0
7	2013	0
7	2014	0
7	2015	1
7	2016	0
7	2017	1
7	2018	1
7	2019	0
7	2020	0
7	2021	1
7	2022	0
7	2023	0
7	2024	0
7	2025	0
7	2026	0
7	2027	2
7	2028	0
7	2029	2
7	2030	0
7	2031	2
7	2032	0
7	2033	0
7	2034	2
7	2035	1
7	2036	0
7	2037	0
7	2038	0
7	2039	1
7	2040	0
7	2041	0
7	2042	0
7	2043	0
7	2044	2
7	2045	0
7	2046	1
7	2047	2
7	2048	2
7	2049	1
7	2050	2
7	2051	0
7	2052	2
7	2053	2
7	2054	1
7	2055	0
7	2056	2
7	2057	2
7	2058	2
7	2059	0
7	2060	0
7	2061	2
7	2062	2
7	2063	2
7	2064	2
7	2065	2
7	2066	2
7	2067	2
7	2068	0
7	2069	0
7	2070	0
7	2071	0
7	2072	1
7	2073	1
7	2074	0
7	2075	0
8	2076	2
8	2077	1
8	2078	1
8	2079	0
8	2080	0
8	2081	0
8	2082	0
8	2083	0
8	2084	0
8	2085	0
8	2086	0
8	2087	0
8	2088	2
8	2089	2
8	2090	0
8	2091	0
8	2092	0
8	2093	0
8	2094	2
8	2095	2
8	2096	1
8	2097	2
8	2098	2
8	2099	2
8	2100	1
8	2101	2
8	2102	0
8	2103	0
8	2104	2
8	2105	2
8	2106	2
8	2107	1
8	2108	1
8	2109	2
8	2110	2
8	2111	0
8	2112	0
8	2113	0
8	2114	0
8	2115	0
8	2116	1
8	2117	0
8	2118	0
8	2119	0
8	2120	2
8	2121	2
8	2122	0
8	2123	2
8	2124	0
8	2125	2
8	2126	2
8	2127	0
8	2128	2
8	2129	1
8	2130	0
8	2131	0
8	2132	0
8	2133	0
8	2134	0
8	2135	0
8	2136	0
8	2137	0
8	2138	0
8	2139	0
8	2140	2
8	2141	0
8	2142	0
8	2143	0
8	2144	2
8	2145	2
8	2146	0
8	2147	0
8	2148	2
8	2149	0
8	2150	0
8	2151	0
8	2152	1
8	2153	2
8	2154	0
8	2155	0
8	2156	0
8	2157	2
8	2158	0
8	2159	0
8	2160	2
8	2161	2
8	2162	0
8	2163	2
8	2164	0
8	2165	0
8	2166	0
8	2167	0
8	2168	2
8	2169	2
8	2170	2
8	2171	2
8	2172	0
8	2173	0
8	2174	2
8	2175	2
8	2176	0
8	2177	0
8	2178	0
8	2179	2
8	2180	2
8	2181	0
8	2182	0
8	2183	2
8	2184	0
8	2185	0
8	2186	0
8	2187	0
8	2188	2
8	2189	0
8	2190	2
8	2191	2
8	2192	0
8	2193	0
8	2194	0
8	2195	0
8	2196	0
8	2197	0
8	2198	2
8	2199	2
8	2200	0
8	2201	0
8	2202	0
8	2203	2
8	2204	0
8	2205	0
8	2206	2
8	2207	0
8	2208	2
8	2209	0
8	2210	2
8	2211	2
8	2212	0
8	2213	0
8	2214	0
8	2215	0
8	2216	0
8	2217	0
8	2218	0
8	2219	0
8	2220	0
8	2221	2
8	2222	0
8	2223	0
8	2224	0
8	2225	2
8	2226	2
8	2227	0
8	2228	0
8	2229	0
8	2230	0
8	2231	2
8	2232	2
8	2233	0
8	2234	2
8	2235	2
8	2236	2
8	2237	2
8	2238	0
8	2239	2
8	2240	2
8	2241	0
8	2242	1
8	2243	0
8	2244	0
8	2245	0
8	2246	0
8	2247	2
8	2248	2
8	2249	0
8	2250	0
8	2251	2
8	2252	1
8	2253	0
8	2254	0
8	2255	2
8	2256	0
8	2257	2
8	2258	0
8	2259	0
8	2260	0
8	2261	2
8	2262	1
8	2263	1
8	2264	2
8	2265	2
8	2266	0
8	2267	1
8	2268	2
8	2269	2
8	2270	2
8	2271	2
8	2272	0
8	2273	2
8	2274	0
8	2275	0
8	2276	0
8	2277	0
8	2278	0
8	2279	0
8	2280	2
8	2281	0
8	2282	1
8	2283	0
8	2284	2
8	2285	0
8	2286	0
8	2287	0
8	2288	0
8	2289	0
8	2290	1
8	2291	1
8	2292	0
8	2293	0
8	2294	0
8	2295	0
8	2296	0
9	2297	2
9	2298	2
9	2299	2
9	2300	0
9	2301	0
9	2302	0
9	2303	2
9	2304	1
9	2305	0
9	2306	2
9	2307	2
9	2308	1
9	2309	1
9	2310	0
9	2311	0
9	2312	0
9	2313	0
9	2314	0
9	2315	0
9	2316	0
9	2317	0
9	2318	0
9	2319	0
9	2320	1
9	2321	0
9	2322	0
9	2323	1
9	2324	0
9	2325	0
9	2326	0
9	2327	2
9	2328	0
9	2329	2
9	2330	0
9	2331	0
9	2332	0
9	2333	0
9	2334	0
9	2335	0
9	2336	0
9	2337	0
9	2338	0
9	2339	0
9	2340	0
9	2341	2
9	2342	0
9	2343	2
9	2344	2
9	2345	0
9	2346	0
9	2347	2
9	2348	0
9	2349	0
9	2350	0
9	2351	2
9	2352	2
9	2353	2
9	2354	2
9	2355	2
9	2356	2
9	2357	1
9	2358	0
9	2359	0
9	2360	2
9	2361	0
9	2362	0
9	2363	0
9	2364	1
9	2365	0
9	2366	1
9	2367	2
9	2368	1
9	2369	2
9	2370	1
9	2371	0
9	2372	1
9	2373	2
9	2374	2
9	2375	1
9	2376	1
9	2377	2
9	2378	2
9	2379	2
9	2380	2
9	2381	1
9	2382	1
9	2383	2
9	2384	2
9	2385	1
9	2386	2
9	2387	1
9	2388	2
9	2389	2
9	2390	2
9	2391	1
9	2392	2
9	2393	2
9	2394	2
9	2395	1
9	2396	2
9	2397	1
9	2398	1
9	2399	2
9	2400	1
9	2401	1
9	2402	2
9	2403	2
9	2404	1
9	2405	1
9	2406	2
9	2407	1
9	2408	1
9	2409	1
9	2410	1
9	2411	2
9	2412	2
9	2413	1
9	2414	2
9	2415	2
9	2416	2
9	2417	2
9	2418	2
9	2419	2
9	2420	2
9	2421	1
9	2422	2
9	2423	2
9	2424	1
9	2425	2
9	2426	2
9	2427	2
9	2428	1
9	2429	0
9	2430	2
9	2431	2
9	2432	2
9	2433	2
9	2434	1
9	2435	2
9	2436	2
9	2437	2
9	2438	0
9	2439	2
9	2440	1
9	2441	2
9	2442	1
9	2443	2
9	2444	2
9	2445	1
9	2446	1
9	2447	1
9	2448	0
9	2449	0
9	2450	0
9	2451	0
9	2452	0
9	2453	2
9	2454	2
9	2455	0
9	2456	2
9	2457	2
9	2458	0
9	2459	0
9	2460	2
9	2461	0
9	2462	0
9	2463	0
9	2464	1
9	2465	2
9	2466	0
9	2467	0
9	2468	2
9	2469	2
9	2470	0
9	2471	0
9	2472	2
9	2473	1
9	2474	2
9	2475	2
9	2476	2
9	2477	0
9	2478	2
9	2479	0
9	2480	0
9	2481	1
9	2482	0
9	2483	0
9	2484	2
9	2485	1
9	2486	1
9	2487	1
9	2488	2
9	2489	2
9	2490	0
9	2491	0
9	2492	0
9	2493	1
9	2494	0
9	2495	0
9	2496	0
9	2497	2
9	2498	2
9	2499	2
9	2500	2
9	2501	2
9	2502	1
9	2503	0
9	2504	0
9	2505	0
9	2506	0
9	2507	2
9	2508	0
9	2509	0
9	2510	2
9	2511	2
9	2512	1
9	2513	0
9	2514	0
9	2515	0
9	2516	0
9	2517	0
9	2518	2
9	2519	2
9	2520	1
9	2521	1
9	2522	2
9	2523	1
9	2524	2
9	2525	0
9	2526	0
9	2527	0
9	2528	0
9	2529	1
9	2530	0
9	2531	0
10	2532	2
10	2533	2
10	2534	2
10	2535	0
10	2536	1
10	2537	0
10	2538	1
10	2539	0
10	2540	2
10	2541	2
10	2542	2
10	2543	2
10	2544	0
10	2545	0
10	2546	2
10	2547	0
10	2548	0
10	2549	0
10	2550	0
10	2551	2
10	2552	2
10	2553	2
10	2554	1
10	2555	2
10	2556	0
10	2557	0
10	2558	2
10	2559	2
10	2560	2
10	2561	0
10	2562	0
10	2563	1
10	2564	1
10	2565	0
10	2566	0
10	2567	2
10	2568	2
10	2569	0
10	2570	0
10	2571	0
10	2572	2
10	2573	1
10	2574	0
10	2575	0
10	2576	2
10	2577	2
10	2578	2
10	2579	2
10	2580	2
10	2581	2
10	2582	2
10	2583	2
10	2584	2
10	2585	2
10	2586	2
10	2587	2
10	2588	0
10	2589	2
10	2590	0
10	2591	1
10	2592	2
10	2593	2
10	2594	1
10	2595	1
10	2596	2
10	2597	1
10	2598	2
10	2599	2
10	2600	1
10	2601	2
10	2602	2
10	2603	2
10	2604	1
10	2605	2
10	2606	2
10	2607	0
10	2608	1
10	2609	0
10	2610	2
10	2611	0
10	2612	0
10	2613	0
10	2614	0
10	2615	2
10	2616	2
10	2617	1
10	2618	2
10	2619	0
10	2620	0
10	2621	0
10	2622	2
10	2623	0
10	2624	0
10	2625	1
10	2626	0
10	2627	0
10	2628	0
10	2629	2
10	2630	0
10	2631	2
10	2632	2
10	2633	2
10	2634	0
10	2635	0
10	2636	2
10	2637	0
10	2638	0
10	2639	2
10	2640	0
10	2641	0
10	2642	0
10	2643	2
10	2644	2
10	2645	2
10	2646	0
10	2647	0
10	2648	0
10	2649	2
10	2650	2
10	2651	2
10	2652	2
10	2653	2
10	2654	0
10	2655	2
10	2656	2
10	2657	0
10	2658	0
10	2659	2
10	2660	2
10	2661	0
10	2662	2
10	2663	2
10	2664	2
10	2665	0
10	2666	2
10	2667	2
10	2668	0
10	2669	0
10	2670	0
10	2671	0
10	2672	0
10	2673	0
10	2674	0
10	2675	2
10	2676	2
10	2677	0
10	2678	2
10	2679	2
10	2680	0
10	2681	0
10	2682	2
10	2683	0
10	2684	2
10	2685	2
10	2686	2
10	2687	2
10	2688	0
10	2689	0
10	2690	0
10	2691	0
10	2692	2
10	2693	2
10	2694	2
10	2695	2
10	2696	0
10	2697	0
10	2698	0
10	2699	0
10	2700	0
10	2701	2
10	2702	0
10	2703	2
11	2704	2
11	2705	2
11	2706	1
11	2707	0
11	2708	0
11	2709	2
11	2710	0
11	2711	0
11	2712	2
11	2713	2
11	2714	0
11	2715	0
11	2716	0
11	2717	2
11	2718	0
11	2719	2
11	2720	0
11	2721	2
11	2722	0
11	2723	1
11	2724	1
11	2725	0
11	2726	1
11	2727	2
11	2728	1
11	2729	2
11	2730	2
11	2731	0
11	2732	0
11	2733	1
11	2734	2
11	2735	2
11	2736	1
11	2737	0
11	2738	2
11	2739	0
11	2740	0
11	2741	0
11	2742	0
11	2743	0
11	2744	0
11	2745	0
11	2746	2
11	2747	1
11	2748	0
11	2749	2
11	2750	1
11	2751	0
11	2752	1
11	2753	1
11	2754	2
11	2755	0
11	2756	0
11	2757	1
11	2758	0
11	2759	0
11	2760	0
11	2761	0
11	2762	2
11	2763	0
11	2764	2
11	2765	2
11	2766	0
11	2767	0
11	2768	0
11	2769	0
11	2770	0
11	2771	0
11	2772	2
11	2773	2
11	2774	2
11	2775	0
11	2776	2
11	2777	2
11	2778	2
11	2779	0
11	2780	1
11	2781	2
11	2782	0
11	2783	0
11	2784	2
11	2785	2
11	2786	0
11	2787	0
11	2788	0
11	2789	1
11	2790	2
11	2791	0
11	2792	1
11	2793	2
11	2794	1
11	2795	1
11	2796	0
11	2797	0
11	2798	2
11	2799	1
11	2800	1
11	2801	0
11	2802	2
11	2803	2
11	2804	2
11	2805	2
11	2806	2
11	2807	1
11	2808	1
11	2809	2
11	2810	2
11	2811	2
11	2812	2
11	2813	2
11	2814	2
11	2815	2
11	2816	1
11	2817	0
11	2818	2
11	2819	0
11	2820	0
11	2821	0
11	2822	0
11	2823	0
11	2824	2
11	2825	2
11	2826	2
11	2827	0
11	2828	0
11	2829	2
11	2830	0
11	2831	0
11	2832	2
11	2833	2
11	2834	0
11	2835	2
11	2836	2
11	2837	2
11	2838	0
11	2839	2
11	2840	0
11	2841	0
11	2842	2
11	2843	0
11	2844	0
11	2845	0
11	2846	0
11	2847	0
11	2848	0
11	2849	0
11	2850	0
11	2851	1
11	2852	1
11	2853	0
11	2854	0
11	2855	1
11	2856	0
11	2857	2
11	2858	2
11	2859	2
11	2860	1
11	2861	0
11	2862	2
11	2863	0
11	2864	0
11	2865	2
11	2866	0
11	2867	0
11	2868	0
11	2869	1
11	2870	0
11	2871	2
11	2872	2
11	2873	2
11	2874	2
11	2875	1
11	2876	0
11	2877	0
11	2878	0
11	2879	2
11	2880	2
11	2881	2
11	2882	0
11	2883	2
11	2884	0
11	2885	0
11	2886	2
11	2887	2
11	2888	2
11	2889	2
11	2890	2
11	2891	2
11	2892	2
11	2893	1
12	2894	1
12	2895	2
12	2896	2
12	2897	2
12	2898	2
12	2899	0
12	2900	2
12	2901	2
12	2902	0
12	2903	1
12	2904	2
12	2905	2
12	2906	2
12	2907	1
12	2908	2
12	2909	2
12	2910	1
12	2911	1
12	2912	2
12	2913	0
12	2914	0
12	2915	0
12	2916	0
12	2917	0
12	2918	0
12	2919	2
12	2920	0
12	2921	2
12	2922	1
12	2923	0
12	2924	1
12	2925	2
12	2926	2
12	2927	2
12	2928	0
12	2929	0
12	2930	2
12	2931	0
12	2932	2
12	2933	2
12	2934	2
12	2935	1
12	2936	2
12	2937	1
12	2938	1
12	2939	0
12	2940	1
12	2941	0
12	2942	2
12	2943	2
12	2944	2
12	2945	0
12	2946	1
12	2947	0
12	2948	2
12	2949	2
12	2950	2
12	2951	2
12	2952	2
12	2953	2
12	2954	0
12	2955	2
12	2956	2
12	2957	0
12	2958	0
12	2959	0
12	2960	2
12	2961	2
12	2962	2
12	2963	2
12	2964	0
12	2965	2
12	2966	0
12	2967	1
12	2968	2
12	2969	2
12	2970	2
12	2971	0
12	2972	0
12	2973	2
12	2974	0
12	2975	1
12	2976	2
12	2977	2
12	2978	0
12	2979	1
12	2980	2
12	2981	0
12	2982	2
12	2983	0
12	2984	2
12	2985	0
12	2986	2
12	2987	2
12	2988	0
12	2989	0
12	2990	2
12	2991	0
12	2992	2
12	2993	2
12	2994	2
12	2995	0
12	2996	0
12	2997	1
12	2998	2
12	2999	0
12	3000	0
12	3001	2
12	3002	0
12	3003	2
12	3004	2
12	3005	0
12	3006	2
12	3007	2
12	3008	2
12	3009	2
12	3010	0
12	3011	0
12	3012	2
12	3013	0
12	3014	0
12	3015	2
12	3016	0
12	3017	0
12	3018	2
12	3019	2
12	3020	2
12	3021	0
12	3022	0
12	3023	0
12	3024	2
12	3025	2
12	3026	0
12	3027	0
12	3028	2
12	3029	2
12	3030	0
12	3031	0
12	3032	2
12	3033	0
12	3034	1
12	3035	2
12	3036	2
12	3037	2
12	3038	2
12	3039	2
12	3040	0
12	3041	2
12	3042	2
12	3043	2
12	3044	0
12	3045	0
12	3046	2
12	3047	2
12	3048	0
12	3049	0
12	3050	0
12	3051	2
12	3052	0
12	3053	0
12	3054	0
12	3055	2
12	3056	2
12	3057	2
12	3058	2
12	3059	0
12	3060	0
12	3061	1
12	3062	0
12	3063	1
12	3064	2
12	3065	0
12	3066	2
12	3067	0
12	3068	1
12	3069	0
12	3070	0
12	3071	2
12	3072	1
12	3073	2
12	3074	2
12	3075	2
12	3076	0
12	3077	2
12	3078	2
12	3079	0
12	3080	0
12	3081	0
12	3082	2
12	3083	0
12	3084	2
12	3085	2
13	3086	2
13	3087	0
13	3088	0
13	3089	2
13	3090	1
13	3091	2
13	3092	0
13	3093	2
13	3094	2
13	3095	2
13	3096	2
13	3097	0
13	3098	2
13	3099	0
13	3100	2
13	3101	0
13	3102	2
13	3103	2
13	3104	2
13	3105	0
13	3106	2
13	3107	2
13	3108	1
13	3109	2
13	3110	0
13	3111	2
13	3112	0
13	3113	0
13	3114	2
13	3115	2
13	3116	2
13	3117	0
13	3118	1
13	3119	2
13	3120	0
13	3121	1
13	3122	0
13	3123	0
13	3124	1
13	3125	0
13	3126	1
13	3127	2
13	3128	2
13	3129	0
13	3130	0
13	3131	0
13	3132	1
13	3133	0
13	3134	0
13	3135	1
13	3136	2
13	3137	2
13	3138	0
13	3139	1
13	3140	0
13	3141	0
13	3142	0
13	3143	0
13	3144	0
13	3145	1
13	3146	0
13	3147	0
13	3148	2
13	3149	0
13	3150	0
13	3151	0
13	3152	2
13	3153	0
13	3154	2
13	3155	0
13	3156	0
13	3157	0
13	3158	0
13	3159	0
13	3160	1
13	3161	2
13	3162	0
13	3163	0
13	3164	2
13	3165	0
13	3166	0
13	3167	2
13	3168	0
13	3169	0
13	3170	2
13	3171	0
13	3172	0
13	3173	0
13	3174	0
13	3175	0
13	3176	2
13	3177	0
13	3178	0
13	3179	0
13	3180	0
13	3181	0
13	3182	2
13	3183	0
13	3184	0
13	3185	0
13	3186	0
13	3187	0
13	3188	0
13	3189	0
13	3190	0
13	3191	1
13	3192	0
13	3193	0
13	3194	0
13	3195	2
13	3196	0
13	3197	0
13	3198	0
13	3199	2
13	3200	2
13	3201	0
13	3202	0
13	3203	2
13	3204	2
13	3205	1
13	3206	0
13	3207	1
13	3208	0
13	3209	2
13	3210	2
13	3211	2
13	3212	0
13	3213	0
13	3214	1
13	3215	0
13	3216	0
13	3217	0
13	3218	0
13	3219	0
13	3220	0
13	3221	0
13	3222	0
13	3223	2
13	3224	2
13	3225	2
13	3226	2
13	3227	1
13	3228	2
14	3229	1
14	3230	0
14	3231	2
14	3232	0
14	3233	2
14	3234	1
14	3235	2
14	3236	2
14	3237	1
14	3238	2
14	3239	1
14	3240	2
14	3241	2
14	3242	0
14	3243	2
14	3244	1
14	3245	1
14	3246	1
14	3247	2
14	3248	2
14	3249	2
14	3250	2
14	3251	0
14	3252	0
14	3253	2
14	3254	2
14	3255	0
14	3256	2
14	3257	0
14	3258	2
14	3259	2
14	3260	2
14	3261	0
14	3262	0
14	3263	2
14	3264	2
14	3265	0
14	3266	2
14	3267	2
14	3268	0
14	3269	2
14	3270	0
14	3271	2
14	3272	0
14	3273	0
14	3274	0
14	3275	0
14	3276	2
14	3277	2
14	3278	1
14	3279	0
14	3280	1
14	3281	2
14	3282	0
14	3283	2
14	3284	0
14	3285	0
14	3286	0
14	3287	0
14	3288	0
14	3289	0
14	3290	0
14	3291	0
14	3292	0
14	3293	0
14	3294	1
14	3295	0
14	3296	0
14	3297	0
14	3298	2
14	3299	0
14	3300	0
14	3301	0
14	3302	2
14	3303	0
14	3304	2
14	3305	0
14	3306	0
14	3307	1
14	3308	2
14	3309	1
14	3310	0
14	3311	0
14	3312	1
14	3313	0
14	3314	2
14	3315	2
14	3316	1
14	3317	0
14	3318	0
14	3319	2
14	3320	0
14	3321	0
14	3322	0
14	3323	2
14	3324	2
14	3325	2
14	3326	1
14	3327	2
14	3328	0
14	3329	2
14	3330	2
14	3331	2
14	3332	2
14	3333	2
14	3334	0
14	3335	2
14	3336	1
14	3337	2
14	3338	0
14	3339	2
14	3340	2
14	3341	2
14	3342	0
14	3343	2
14	3344	2
14	3345	1
14	3346	0
14	3347	0
14	3348	2
14	3349	0
14	3350	0
14	3351	2
14	3352	1
14	3353	0
14	3354	0
14	3355	0
14	3356	0
14	3357	0
14	3358	0
14	3359	0
14	3360	0
14	3361	0
14	3362	0
14	3363	0
14	3364	0
14	3365	0
14	3366	2
14	3367	1
14	3368	2
14	3369	0
14	3370	2
14	3371	1
14	3372	0
14	3373	0
14	3374	0
14	3375	2
14	3376	0
14	3377	2
14	3378	1
14	3379	2
14	3380	0
14	3381	2
14	3382	0
14	3383	2
14	3384	2
14	3385	1
14	3386	0
14	3387	0
14	3388	2
15	3389	1
15	3390	1
15	3391	2
15	3392	0
15	3393	2
15	3394	2
15	3395	2
15	3396	1
15	3397	2
15	3398	1
15	3399	1
15	3400	2
15	3401	1
15	3402	1
15	3403	1
15	3404	1
15	3405	2
15	3406	2
15	3407	2
15	3408	0
15	3409	0
15	3410	0
15	3411	2
15	3412	0
15	3413	0
15	3414	2
15	3415	1
15	3416	1
15	3417	0
15	3418	2
15	3419	2
15	3420	2
15	3421	2
15	3422	2
15	3423	0
15	3424	0
15	3425	0
15	3426	1
15	3427	2
15	3428	2
15	3429	2
15	3430	2
15	3431	1
15	3432	1
15	3433	2
15	3434	1
15	3435	2
15	3436	1
15	3437	2
15	3438	2
15	3439	1
15	3440	2
15	3441	2
15	3442	2
15	3443	2
15	3444	2
15	3445	0
15	3446	2
15	3447	0
15	3448	0
15	3449	0
15	3450	2
15	3451	2
15	3452	2
15	3453	2
15	3454	0
15	3455	1
15	3456	0
15	3457	0
15	3458	0
15	3459	0
15	3460	0
15	3461	1
15	3462	2
15	3463	2
15	3464	0
15	3465	2
15	3466	2
15	3467	1
15	3468	0
15	3469	0
15	3470	0
15	3471	0
15	3472	1
15	3473	0
15	3474	0
15	3475	2
15	3476	0
15	3477	0
15	3478	0
15	3479	2
15	3480	2
15	3481	2
15	3482	2
15	3483	0
15	3484	0
15	3485	0
15	3486	1
15	3487	0
15	3488	0
15	3489	1
15	3490	1
15	3491	2
15	3492	0
15	3493	2
15	3494	0
15	3495	2
15	3496	2
15	3497	2
15	3498	0
15	3499	2
15	3500	1
15	3501	0
15	3502	2
15	3503	2
15	3504	0
15	3505	2
15	3506	2
15	3507	0
15	3508	2
15	3509	1
15	3510	2
15	3511	2
15	3512	2
15	3513	2
15	3514	0
15	3515	2
15	3516	2
15	3517	0
15	3518	2
15	3519	0
15	3520	0
15	3521	2
15	3522	1
15	3523	0
15	3524	2
15	3525	2
15	3526	2
15	3527	0
15	3528	2
15	3529	0
15	3530	0
15	3531	1
15	3532	0
16	3533	0
16	3534	1
16	3535	1
16	3536	2
16	3537	1
16	3538	2
16	3539	2
16	3540	0
16	3541	0
16	3542	0
16	3543	0
16	3544	0
16	3545	2
16	3546	2
16	3547	1
16	3548	0
16	3549	2
16	3550	0
16	3551	0
16	3552	2
16	3553	2
16	3554	2
16	3555	2
16	3556	2
16	3557	2
16	3558	2
16	3559	2
16	3560	2
16	3561	1
16	3562	2
16	3563	1
16	3564	2
16	3565	2
16	3566	1
16	3567	1
16	3568	1
16	3569	2
16	3570	1
16	3571	1
16	3572	2
16	3573	0
16	3574	0
16	3575	2
16	3576	2
16	3577	2
16	3578	2
16	3579	0
16	3580	2
16	3581	0
16	3582	2
16	3583	2
16	3584	2
16	3585	2
16	3586	2
16	3587	1
16	3588	2
16	3589	2
16	3590	2
16	3591	2
16	3592	2
16	3593	2
16	3594	2
16	3595	2
16	3596	2
16	3597	2
16	3598	0
16	3599	2
16	3600	1
16	3601	0
16	3602	1
16	3603	2
16	3604	2
16	3605	1
16	3606	2
16	3607	2
16	3608	2
16	3609	0
16	3610	1
16	3611	2
16	3612	2
16	3613	2
16	3614	2
16	3615	0
16	3616	0
16	3617	0
16	3618	2
16	3619	0
16	3620	1
16	3621	0
16	3622	0
16	3623	2
16	3624	0
16	3625	0
16	3626	2
16	3627	2
16	3628	2
16	3629	1
16	3630	2
16	3631	2
16	3632	0
16	3633	0
16	3634	2
16	3635	2
16	3636	1
16	3637	0
16	3638	0
16	3639	2
16	3640	0
16	3641	2
16	3642	0
16	3643	0
16	3644	0
16	3645	2
16	3646	0
16	3647	0
16	3648	0
16	3649	0
16	3650	0
16	3651	0
16	3652	0
16	3653	2
16	3654	1
16	3655	1
16	3656	2
16	3657	2
16	3658	1
16	3659	2
16	3660	1
16	3661	0
16	3662	1
16	3663	2
16	3664	0
16	3665	0
16	3666	2
16	3667	0
16	3668	2
16	3669	0
16	3670	1
16	3671	0
16	3672	0
16	3673	1
16	3674	2
16	3675	1
16	3676	2
17	3677	1
17	3678	2
17	3679	2
17	3680	0
17	3681	0
17	3682	2
17	3683	2
17	3684	0
17	3685	2
17	3686	1
17	3687	2
17	3688	1
17	3689	2
17	3690	0
17	3691	0
17	3692	2
17	3693	2
17	3694	0
17	3695	0
17	3696	1
17	3697	2
17	3698	0
17	3699	0
17	3700	2
17	3701	2
17	3702	2
17	3703	2
17	3704	0
17	3705	0
17	3706	1
17	3707	1
17	3708	1
17	3709	1
17	3710	2
17	3711	0
17	3712	2
17	3713	0
17	3714	2
17	3715	2
17	3716	1
17	3717	2
17	3718	2
17	3719	2
17	3720	2
17	3721	2
17	3722	2
17	3723	1
17	3724	2
17	3725	2
17	3726	2
17	3727	2
17	3728	1
17	3729	1
17	3730	2
17	3731	0
17	3732	2
17	3733	2
17	3734	2
17	3735	2
17	3736	1
17	3737	2
17	3738	2
17	3739	2
17	3740	0
17	3741	2
17	3742	2
17	3743	0
17	3744	2
17	3745	0
17	3746	0
17	3747	0
17	3748	0
17	3749	2
17	3750	0
17	3751	0
17	3752	0
17	3753	0
17	3754	0
17	3755	0
17	3756	0
17	3757	0
17	3758	0
17	3759	0
17	3760	2
17	3761	2
17	3762	2
17	3763	2
17	3764	0
17	3765	2
17	3766	2
17	3767	2
17	3768	2
17	3769	2
17	3770	0
17	3771	0
17	3772	0
17	3773	1
17	3774	0
17	3775	1
17	3776	2
17	3777	2
17	3778	2
17	3779	2
17	3780	0
17	3781	0
17	3782	0
17	3783	0
17	3784	0
17	3785	2
17	3786	2
17	3787	0
17	3788	0
17	3789	2
17	3790	1
17	3791	0
17	3792	2
17	3793	2
17	3794	2
17	3795	1
17	3796	0
17	3797	2
17	3798	0
17	3799	2
17	3800	2
17	3801	0
17	3802	0
17	3803	2
17	3804	1
17	3805	2
18	3806	2
18	3807	2
18	3808	2
18	3809	2
18	3810	2
18	3811	2
18	3812	2
18	3813	0
18	3814	2
18	3815	0
18	3816	0
18	3817	0
18	3818	0
18	3819	2
18	3820	2
18	3821	1
18	3822	0
18	3823	1
18	3824	2
18	3825	2
18	3826	1
18	3827	0
18	3828	2
18	3829	0
18	3830	2
18	3831	2
18	3832	2
18	3833	2
18	3834	2
18	3835	2
18	3836	2
18	3837	2
18	3838	2
18	3839	2
18	3840	2
18	3841	2
18	3842	2
18	3843	2
18	3844	2
18	3845	1
18	3846	2
18	3847	1
18	3848	2
18	3849	0
18	3850	0
18	3851	2
18	3852	2
18	3853	1
18	3854	0
18	3855	0
18	3856	0
18	3857	2
18	3858	0
18	3859	0
18	3860	0
18	3861	0
18	3862	0
18	3863	2
18	3864	0
18	3865	2
18	3866	2
18	3867	0
18	3868	0
18	3869	0
18	3870	2
18	3871	0
18	3872	0
18	3873	0
18	3874	0
18	3875	0
18	3876	0
18	3877	1
18	3878	0
18	3879	0
18	3880	1
18	3881	0
18	3882	0
18	3883	0
18	3884	0
18	3885	2
18	3886	2
18	3887	0
18	3888	0
18	3889	2
18	3890	2
18	3891	2
18	3892	2
18	3893	2
18	3894	0
18	3895	2
18	3896	0
18	3897	2
18	3898	0
18	3899	0
18	3900	0
18	3901	0
18	3902	2
18	3903	0
18	3904	0
18	3905	0
18	3906	2
18	3907	0
18	3908	1
18	3909	0
18	3910	2
18	3911	2
18	3912	2
18	3913	2
18	3914	2
18	3915	2
18	3916	0
18	3917	0
18	3918	0
18	3919	0
18	3920	1
18	3921	0
18	3922	0
18	3923	0
18	3924	0
18	3925	2
18	3926	1
18	3927	2
18	3928	2
18	3929	2
18	3930	0
18	3931	0
18	3932	0
18	3933	2
18	3934	0
18	3935	2
18	3936	0
18	3937	1
18	3938	0
19	3939	0
19	3940	2
19	3941	1
19	3942	0
19	3943	1
19	3944	2
19	3945	1
19	3946	1
19	3947	0
19	3948	2
19	3949	0
19	3950	0
19	3951	0
19	3952	1
19	3953	2
19	3954	0
19	3955	2
19	3956	2
19	3957	0
19	3958	2
19	3959	2
19	3960	2
19	3961	2
19	3962	2
19	3963	1
19	3964	2
19	3965	0
19	3966	0
19	3967	2
19	3968	2
19	3969	1
19	3970	0
19	3971	1
19	3972	2
19	3973	2
19	3974	0
19	3975	0
19	3976	0
19	3977	0
19	3978	0
19	3979	0
19	3980	0
19	3981	2
19	3982	0
19	3983	0
19	3984	2
19	3985	0
19	3986	2
19	3987	2
19	3988	2
19	3989	0
19	3990	2
19	3991	2
19	3992	2
19	3993	0
19	3994	2
19	3995	2
19	3996	2
19	3997	0
19	3998	0
19	3999	0
19	4000	1
19	4001	2
19	4002	2
19	4003	2
19	4004	2
19	4005	2
19	4006	1
19	4007	0
19	4008	0
19	4009	2
19	4010	1
19	4011	2
19	4012	1
19	4013	0
19	4014	0
19	4015	1
19	4016	1
19	4017	2
19	4018	2
19	4019	2
19	4020	2
19	4021	1
19	4022	1
19	4023	2
19	4024	1
19	4025	2
19	4026	2
19	4027	2
19	4028	0
19	4029	2
19	4030	0
19	4031	2
19	4032	2
20	4033	0
20	4034	0
20	4035	2
20	4036	0
20	4037	0
20	4038	1
20	4039	1
20	4040	2
20	4041	0
20	4042	0
20	4043	0
20	4044	2
20	4045	2
20	4046	1
20	4047	2
20	4048	2
20	4049	1
20	4050	1
20	4051	2
20	4052	0
20	4053	2
20	4054	0
20	4055	2
20	4056	0
20	4057	0
20	4058	0
20	4059	0
20	4060	0
20	4061	0
20	4062	2
20	4063	2
20	4064	0
20	4065	2
20	4066	1
20	4067	1
20	4068	2
20	4069	2
20	4070	0
20	4071	0
20	4072	2
20	4073	2
20	4074	2
20	4075	2
20	4076	0
20	4077	2
20	4078	1
20	4079	2
20	4080	2
20	4081	2
20	4082	2
20	4083	2
20	4084	2
20	4085	2
20	4086	2
20	4087	2
20	4088	2
20	4089	2
20	4090	1
20	4091	0
20	4092	1
20	4093	2
20	4094	2
20	4095	1
20	4096	2
20	4097	2
20	4098	2
20	4099	0
20	4100	0
20	4101	1
20	4102	0
20	4103	2
20	4104	2
20	4105	0
20	4106	0
20	4107	2
20	4108	2
20	4109	0
20	4110	1
20	4111	1
20	4112	1
20	4113	0
20	4114	0
20	4115	2
20	4116	2
20	4117	0
20	4118	0
20	4119	0
20	4120	2
20	4121	1
20	4122	2
20	4123	0
20	4124	0
20	4125	2
20	4126	0
20	4127	0
20	4128	2
20	4129	0
20	4130	2
20	4131	0
20	4132	0
20	4133	0
20	4134	2
20	4135	0
20	4136	0
20	4137	2
21	4138	2
21	4139	2
21	4140	1
21	4141	2
21	4142	2
21	4143	1
21	4144	2
21	4145	2
21	4146	2
21	4147	2
21	4148	0
21	4149	0
21	4150	2
21	4151	0
21	4152	2
21	4153	2
21	4154	1
21	4155	0
21	4156	0
21	4157	0
21	4158	1
21	4159	1
21	4160	2
21	4161	2
21	4162	0
21	4163	0
21	4164	0
21	4165	0
21	4166	0
21	4167	0
21	4168	0
21	4169	0
21	4170	0
21	4171	0
21	4172	2
21	4173	2
21	4174	2
21	4175	0
21	4176	0
21	4177	0
21	4178	0
21	4179	0
21	4180	2
21	4181	2
21	4182	0
21	4183	0
21	4184	0
21	4185	0
21	4186	0
21	4187	2
21	4188	2
21	4189	2
21	4190	0
21	4191	0
21	4192	0
21	4193	2
21	4194	1
21	4195	0
21	4196	2
21	4197	0
21	4198	0
21	4199	0
21	4200	0
21	4201	1
22	4202	1
22	4203	2
22	4204	2
22	4205	2
22	4206	2
22	4207	2
22	4208	1
22	4209	1
22	4210	1
22	4211	0
22	4212	2
22	4213	1
22	4214	2
22	4215	2
22	4216	2
22	4217	2
22	4218	2
22	4219	2
22	4220	1
22	4221	2
22	4222	1
22	4223	2
22	4224	2
22	4225	1
22	4226	2
22	4227	2
22	4228	2
22	4229	2
22	4230	0
22	4231	2
22	4232	2
22	4233	2
22	4234	2
22	4235	1
22	4236	2
22	4237	1
22	4238	2
22	4239	1
22	4240	1
22	4241	2
22	4242	2
22	4243	2
22	4244	2
22	4245	2
22	4246	1
22	4247	1
22	4248	0
22	4249	1
22	4250	2
22	4251	1
22	4252	1
22	4253	1
22	4254	2
22	4255	2
22	4256	0
22	4257	0
22	4258	0
22	4259	1
22	4260	0
22	4261	2
22	4262	0
22	4263	1
22	4264	2
22	4265	0
22	4266	2
22	4267	2
22	4268	0
22	4269	0
22	4270	0
22	4271	0
22	4272	2
22	4273	2
22	4274	2
22	4275	0
22	4276	0
22	4277	2
22	4278	2
22	4279	2
22	4280	2
22	4281	0
22	4282	1
22	4283	0
22	4284	2
22	4285	0
22	4286	2
