chromosome_index	position	cluster_index
1	1	5
1	2	4
1	3	5
1	4	0
1	5	5
1	6	2
1	7	0
1	8	4
1	9	4
1	10	0
1	11	0
1	12	0
1	13	0
1	14	1
1	15	2
1	16	5
1	17	3
1	18	5
1	19	4
1	20	5
1	21	4
1	22	5
1	23	5
1	24	4
1	25	5
1	26	0
1	27	0
1	28	0
1	29	0
1	30	0
1	31	1
1	32	5
1	33	5
1	34	1
1	35	0
1	36	0
1	37	0
1	38	5
1	39	5
1	40	2
1	41	5
1	42	4
1	43	5
1	44	3
1	45	5
1	46	5
1	47	0
1	48	5
1	49	5
1	50	5
1	51	2
1	52	1
1	53	5
1	54	0
1	55	4
1	56	4
1	57	0
1	58	4
1	59	0
1	60	2
1	61	5
1	62	3
1	63	5
1	64	5
1	65	0
1	66	3
1	67	5
1	68	5
1	69	0
1	70	1
1	71	0
1	72	4
1	73	5
1	74	2
1	75	0
1	76	3
1	77	4
1	78	4
1	79	0
1	80	5
1	81	0
1	82	5
1	83	5
1	84	4
1	85	5
1	86	5
1	87	5
1	88	5
1	89	5
1	90	0
1	91	5
1	92	4
1	93	0
1	94	5
1	95	0
1	96	1
1	97	2
1	98	0
1	99	5
1	100	4
1	101	4
1	102	0
1	103	3
1	104	1
1	105	5
1	106	3
1	107	0
1	108	5
1	109	5
1	110	1
1	111	4
1	112	1
1	113	2
1	114	1
1	115	1
1	116	5
1	117	5
1	118	5
1	119	5
1	120	0
1	121	2
1	122	0
1	123	0
1	124	0
1	125	2
1	126	1
1	127	1
1	128	4
1	129	4
1	130	0
1	131	5
1	132	3
1	133	1
1	134	5
1	135	5
1	136	5
1	137	4
1	138	2
1	139	2
1	140	4
1	141	4
1	142	0
1	143	4
1	144	0
1	145	5
1	146	5
1	147	0
1	148	0
1	149	1
1	150	5
1	151	0
1	152	0
1	153	0
1	154	4
1	155	4
1	156	5
1	157	4
1	158	5
1	159	5
1	160	0
1	161	1
1	162	1
1	163	5
1	164	0
1	165	1
1	166	0
1	167	0
1	168	0
1	169	2
1	170	3
1	171	4
1	172	4
1	173	3
1	174	4
1	175	4
1	176	5
1	177	5
1	178	5
1	179	4
1	180	5
1	181	4
1	182	4
1	183	5
1	184	5
1	185	5
1	186	3
1	187	3
1	188	4
1	189	5
1	190	5
1	191	0
1	192	4
1	193	4
1	194	5
1	195	5
1	196	5
1	197	4
1	198	4
1	199	3
1	200	4
1	201	4
1	202	5
1	203	4
1	204	5
1	205	4
1	206	5
1	207	4
1	208	4
1	209	5
1	210	2
1	211	3
1	212	3
1	213	5
1	214	4
1	215	4
1	216	3
1	217	4
1	218	3
1	219	5
1	220	3
1	221	5
1	222	3
1	223	5
1	224	4
1	225	3
1	226	4
1	227	4
1	228	4
1	229	5
1	230	4
1	231	5
1	232	5
1	233	4
1	234	3
1	235	5
1	236	5
1	237	5
1	238	4
1	239	5
1	240	0
1	241	3
1	242	2
1	243	5
1	244	5
1	245	0
1	246	4
1	247	5
1	248	1
1	249	0
1	250	5
1	251	5
1	252	5
1	253	4
1	254	5
1	255	0
1	256	2
1	257	2
1	258	4
1	259	4
1	260	2
1	261	5
1	262	0
1	263	1
1	264	5
1	265	5
1	266	1
1	267	5
1	268	1
1	269	4
1	270	4
1	271	1
1	272	5
1	273	4
1	274	1
1	275	0
1	276	5
1	277	2
1	278	4
1	279	5
1	280	0
1	281	0
1	282	5
1	283	2
1	284	0
1	285	5
1	286	5
1	287	1
1	288	4
1	289	0
1	290	4
1	291	0
1	292	5
1	293	0
1	294	2
1	295	2
1	296	5
1	297	5
1	298	4
1	299	5
1	300	5
1	301	4
1	302	4
1	303	4
1	304	0
1	305	1
1	306	2
1	307	2
1	308	0
1	309	5
1	310	1
1	311	2
1	312	5
1	313	2
1	314	0
1	315	3
1	316	0
1	317	0
1	318	0
1	319	1
1	320	0
1	321	5
1	322	5
1	323	0
1	324	3
1	325	0
1	326	4
1	327	5
1	328	5
1	329	5
1	330	5
1	331	4
1	332	1
1	333	4
1	334	5
1	335	5
1	336	3
1	337	0
1	338	0
1	339	0
1	340	5
1	341	2
1	342	0
1	343	2
1	344	4
1	345	4
1	346	0
1	347	0
1	348	5
1	349	0
1	350	5
1	351	5
1	352	5
1	353	4
1	354	0
1	355	4
1	356	5
1	357	5
1	358	3
1	359	5
1	360	5
1	361	0
1	362	5
1	363	5
1	364	5
2	365	5
2	366	2
2	367	3
2	368	0
2	369	4
2	370	4
2	371	0
2	372	5
2	373	0
2	374	5
2	375	5
2	376	0
2	377	5
2	378	5
2	379	4
2	380	1
2	381	4
2	382	4
2	383	3
2	384	1
2	385	0
2	386	5
2	387	0
2	388	1
2	389	5
2	390	5
2	391	0
2	392	1
2	393	0
2	394	3
2	395	0
2	396	0
2	397	0
2	398	0
2	399	4
2	400	0
2	401	2
2	402	2
2	403	0
2	404	5
2	405	5
2	406	2
2	407	4
2	408	0
2	409	0
2	410	3
2	411	5
2	412	4
2	413	5
2	414	0
2	415	2
2	416	5
2	417	0
2	418	2
2	419	2
2	420	5
2	421	5
2	422	1
2	423	0
2	424	0
2	425	5
2	426	4
2	427	0
2	428	5
2	429	5
2	430	0
2	431	5
2	432	3
2	433	2
2	434	0
2	435	0
2	436	0
2	437	0
2	438	4
2	439	1
2	440	2
2	441	4
2	442	4
2	443	3
2	444	5
2	445	5
2	446	5
2	447	4
2	448	5
2	449	2
2	450	1
2	451	4
2	452	5
2	453	4
2	454	5
2	455	2
2	456	0
2	457	4
2	458	5
2	459	0
2	460	4
2	461	4
2	462	4
2	463	0
2	464	4
2	465	0
2	466	2
2	467	5
2	468	0
2	469	0
2	470	5
2	471	2
2	472	2
2	473	0
2	474	3
2	475	5
2	476	0
2	477	0
2	478	5
2	479	0
2	480	5
2	481	0
2	482	4
2	483	5
2	484	5
2	485	3
2	486	2
2	487	5
2	488	3
2	489	3
2	490	4
2	491	5
2	492	5
2	493	5
2	494	4
2	495	5
2	496	5
2	497	4
2	498	4
2	499	4
2	500	5
2	501	5
2	502	5
2	503	1
2	504	5
2	505	4
2	506	4
2	507	5
2	508	5
2	509	3
2	510	1
2	511	5
2	512	4
2	513	5
2	514	0
2	515	5
2	516	3
2	517	5
2	518	5
2	519	4
2	520	5
2	521	5
2	522	5
2	523	5
2	524	1
2	525	4
2	526	4
2	527	0
2	528	5
2	529	5
2	530	2
2	531	1
2	532	0
2	533	1
2	534	0
2	535	0
2	536	4
2	537	4
2	538	5
2	539	0
2	540	5
2	541	0
2	542	0
2	543	2
2	544	5
2	545	4
2	546	4
2	547	4
2	548	5
2	549	5
2	550	4
2	551	5
2	552	5
2	553	4
2	554	4
2	555	5
2	556	5
2	557	5
2	558	4
2	559	4
2	560	5
2	561	5
2	562	2
2	563	2
2	564	2
2	565	0
2	566	4
2	567	2
2	568	0
2	569	0
2	570	0
2	571	5
2	572	2
2	573	5
2	574	0
2	575	2
2	576	3
2	577	0
2	578	2
2	579	0
2	580	0
2	581	4
2	582	2
2	583	0
2	584	3
2	585	4
2	586	5
2	587	5
2	588	4
2	589	5
2	590	4
2	591	5
2	592	5
2	593	5
2	594	5
2	595	4
2	596	5
2	597	5
2	598	5
2	599	5
2	600	5
2	601	4
2	602	4
2	603	5
2	604	2
2	605	0
2	606	4
2	607	4
2	608	0
2	609	0
2	610	0
2	611	5
2	612	2
2	613	0
2	614	5
2	615	0
2	616	0
2	617	1
2	618	5
2	619	0
2	620	1
2	621	0
2	622	5
2	623	5
2	624	5
2	625	4
2	626	5
2	627	5
2	628	5
2	629	0
2	630	2
2	631	0
2	632	4
2	633	5
2	634	5
2	635	0
2	636	1
2	637	0
2	638	0
2	639	0
2	640	0
2	641	1
2	642	5
2	643	0
2	644	4
2	645	4
2	646	0
2	647	1
2	648	4
2	649	4
2	650	0
2	651	1
2	652	5
2	653	0
2	654	0
2	655	0
2	656	0
2	657	5
2	658	4
2	659	0
2	660	0
2	661	3
2	662	4
2	663	0
2	664	0
2	665	5
2	666	5
2	667	5
2	668	5
2	669	4
2	670	0
2	671	2
2	672	4
2	673	5
2	674	0
2	675	1
2	676	3
2	677	2
2	678	1
2	679	0
2	680	0
2	681	2
2	682	0
2	683	5
2	684	2
2	685	2
2	686	1
2	687	5
2	688	5
2	689	0
2	690	5
2	691	5
2	692	5
2	693	5
2	694	5
2	695	5
2	696	2
2	697	2
2	698	5
2	699	5
2	700	0
2	701	5
2	702	5
2	703	0
2	704	0
2	705	5
2	706	5
2	707	0
2	708	0
2	709	5
2	710	4
2	711	5
2	712	2
2	713	0
2	714	0
2	715	0
2	716	1
2	717	1
2	718	2
2	719	5
2	720	4
2	721	0
2	722	2
2	723	5
2	724	5
2	725	4
2	726	4
2	727	0
2	728	0
2	729	0
2	730	0
2	731	0
2	732	2
2	733	4
2	734	3
2	735	0
2	736	0
2	737	0
2	738	5
2	739	5
2	740	4
2	741	2
2	742	5
3	743	1
3	744	4
3	745	5
3	746	5
3	747	0
3	748	0
3	749	5
3	750	4
3	751	0
3	752	5
3	753	0
3	754	5
3	755	5
3	756	4
3	757	1
3	758	1
3	759	3
3	760	5
3	761	1
3	762	5
3	763	0
3	764	5
3	765	4
3	766	5
3	767	5
3	768	5
3	769	2
3	770	2
3	771	0
3	772	5
3	773	5
3	774	5
3	775	0
3	776	0
3	777	5
3	778	0
3	779	5
3	780	5
3	781	5
3	782	5
3	783	5
3	784	0
3	785	0
3	786	0
3	787	5
3	788	0
3	789	4
3	790	0
3	791	5
3	792	5
3	793	5
3	794	3
3	795	4
3	796	0
3	797	5
3	798	0
3	799	2
3	800	4
3	801	0
3	802	3
3	803	3
3	804	0
3	805	5
3	806	0
3	807	1
3	808	5
3	809	1
3	810	0
3	811	0
3	812	0
3	813	0
3	814	0
3	815	3
3	816	3
3	817	3
3	818	2
3	819	2
3	820	0
3	821	5
3	822	0
3	823	5
3	824	2
3	825	5
3	826	0
3	827	0
3	828	5
3	829	5
3	830	4
3	831	0
3	832	0
3	833	4
3	834	5
3	835	0
3	836	3
3	837	1
3	838	5
3	839	0
3	840	5
3	841	2
3	842	0
3	843	5
3	844	2
3	845	0
3	846	1
3	847	0
3	848	5
3	849	0
3	850	0
3	851	0
3	852	0
3	853	2
3	854	5
3	855	0
3	856	0
3	857	0
3	858	3
3	859	5
3	860	5
3	861	5
3	862	5
3	863	5
3	864	0
3	865	2
3	866	5
3	867	0
3	868	2
3	869	0
3	870	1
3	871	0
3	872	2
3	873	4
3	874	5
3	875	0
3	876	5
3	877	5
3	878	5
3	879	5
3	880	5
3	881	0
3	882	5
3	883	1
3	884	1
3	885	0
3	886	0
3	887	0
3	888	0
3	889	0
3	890	0
3	891	5
3	892	1
3	893	2
3	894	5
3	895	0
3	896	4
3	897	1
3	898	1
3	899	0
3	900	5
3	901	1
3	902	0
3	903	0
3	904	0
3	905	5
3	906	5
3	907	4
3	908	2
3	909	4
3	910	5
3	911	0
3	912	0
3	913	3
3	914	5
3	915	0
3	916	4
3	917	5
3	918	5
3	919	0
3	920	1
3	921	5
3	922	2
3	923	1
3	924	0
3	925	2
3	926	5
3	927	5
3	928	5
3	929	0
3	930	5
3	931	4
3	932	2
3	933	1
3	934	3
3	935	0
3	936	0
3	937	0
3	938	0
3	939	1
3	940	5
3	941	2
3	942	5
3	943	4
3	944	4
3	945	5
3	946	5
3	947	4
3	948	0
3	949	4
3	950	2
3	951	0
3	952	2
3	953	0
3	954	0
3	955	2
3	956	0
3	957	5
3	958	5
3	959	0
3	960	4
3	961	5
3	962	5
3	963	0
3	964	0
3	965	2
3	966	0
3	967	0
3	968	1
3	969	0
3	970	0
3	971	3
3	972	2
3	973	5
3	974	0
3	975	0
3	976	5
3	977	5
3	978	5
3	979	2
3	980	0
3	981	2
3	982	3
3	983	3
3	984	5
3	985	2
3	986	5
3	987	2
3	988	3
3	989	4
3	990	4
3	991	3
3	992	3
3	993	2
3	994	4
3	995	4
3	996	4
3	997	5
3	998	3
3	999	5
3	1000	5
3	1001	0
3	1002	4
3	1003	5
3	1004	3
3	1005	4
3	1006	5
3	1007	4
3	1008	4
4	1009	5
4	1010	5
4	1011	1
4	1012	5
4	1013	5
4	1014	5
4	1015	5
4	1016	3
4	1017	5
4	1018	5
4	1019	0
4	1020	2
4	1021	5
4	1022	3
4	1023	1
4	1024	2
4	1025	5
4	1026	5
4	1027	5
4	1028	0
4	1029	5
4	1030	4
4	1031	0
4	1032	0
4	1033	4
4	1034	3
4	1035	1
4	1036	4
4	1037	2
4	1038	1
4	1039	3
4	1040	0
4	1041	3
4	1042	0
4	1043	1
4	1044	0
4	1045	0
4	1046	5
4	1047	0
4	1048	5
4	1049	5
4	1050	0
4	1051	0
4	1052	0
4	1053	2
4	1054	0
4	1055	0
4	1056	0
4	1057	2
4	1058	0
4	1059	0
4	1060	0
4	1061	0
4	1062	1
4	1063	0
4	1064	0
4	1065	1
4	1066	0
4	1067	0
4	1068	0
4	1069	5
4	1070	3
4	1071	0
4	1072	5
4	1073	5
4	1074	5
4	1075	4
4	1076	0
4	1077	0
4	1078	0
4	1079	5
4	1080	4
4	1081	0
4	1082	4
4	1083	5
4	1084	0
4	1085	0
4	1086	5
4	1087	5
4	1088	4
4	1089	5
4	1090	3
4	1091	4
4	1092	5
4	1093	5
4	1094	5
4	1095	5
4	1096	5
4	1097	4
4	1098	5
4	1099	1
4	1100	2
4	1101	5
4	1102	0
4	1103	5
4	1104	0
4	1105	0
4	1106	2
4	1107	5
4	1108	0
4	1109	0
4	1110	0
4	1111	0
4	1112	0
4	1113	0
4	1114	0
4	1115	1
4	1116	0
4	1117	1
4	1118	5
4	1119	0
4	1120	1
4	1121	5
4	1122	0
4	1123	0
4	1124	4
4	1125	2
4	1126	4
4	1127	2
4	1128	2
4	1129	0
4	1130	0
4	1131	2
4	1132	5
4	1133	1
4	1134	1
4	1135	0
4	1136	3
4	1137	0
4	1138	0
4	1139	3
4	1140	0
4	1141	5
4	1142	4
4	1143	3
4	1144	1
4	1145	0
4	1146	0
4	1147	4
4	1148	5
4	1149	2
4	1150	3
4	1151	0
4	1152	5
4	1153	5
4	1154	5
4	1155	0
4	1156	0
4	1157	0
4	1158	4
4	1159	5
4	1160	5
4	1161	0
4	1162	1
4	1163	5
4	1164	5
4	1165	0
4	1166	0
4	1167	0
4	1168	0
4	1169	0
4	1170	0
4	1171	4
4	1172	2
4	1173	0
4	1174	5
4	1175	5
4	1176	4
4	1177	3
4	1178	4
4	1179	0
4	1180	0
4	1181	5
4	1182	5
4	1183	5
4	1184	0
4	1185	1
4	1186	0
4	1187	5
4	1188	5
4	1189	0
4	1190	2
4	1191	0
4	1192	0
4	1193	5
4	1194	4
4	1195	5
4	1196	5
4	1197	4
4	1198	0
4	1199	0
4	1200	2
4	1201	2
4	1202	2
4	1203	1
4	1204	2
4	1205	0
4	1206	5
4	1207	0
4	1208	4
4	1209	4
4	1210	5
4	1211	5
4	1212	3
4	1213	4
4	1214	5
4	1215	5
4	1216	0
4	1217	4
4	1218	0
4	1219	0
4	1220	2
4	1221	2
4	1222	4
4	1223	4
4	1224	4
4	1225	0
4	1226	5
4	1227	5
4	1228	5
4	1229	0
4	1230	0
4	1231	0
4	1232	1
4	1233	5
4	1234	5
4	1235	5
4	1236	3
4	1237	3
4	1238	5
4	1239	5
4	1240	5
4	1241	0
4	1242	5
4	1243	5
4	1244	5
4	1245	0
4	1246	2
4	1247	0
4	1248	5
4	1249	5
4	1250	5
4	1251	2
4	1252	0
4	1253	1
4	1254	2
4	1255	4
4	1256	5
4	1257	5
4	1258	5
4	1259	5
4	1260	5
4	1261	0
4	1262	1
4	1263	2
4	1264	0
4	1265	0
4	1266	5
4	1267	0
4	1268	5
4	1269	4
4	1270	0
4	1271	0
4	1272	0
4	1273	0
4	1274	0
4	1275	2
4	1276	5
4	1277	0
4	1278	5
4	1279	5
4	1280	2
4	1281	2
4	1282	5
4	1283	0
4	1284	0
4	1285	2
4	1286	0
4	1287	4
4	1288	5
4	1289	5
4	1290	5
4	1291	0
4	1292	5
4	1293	0
4	1294	0
4	1295	0
4	1296	0
4	1297	4
4	1298	0
4	1299	0
4	1300	5
4	1301	0
4	1302	0
4	1303	2
4	1304	2
4	1305	3
4	1306	0
4	1307	5
4	1308	0
4	1309	2
4	1310	0
4	1311	5
4	1312	5
4	1313	1
4	1314	0
4	1315	1
4	1316	0
4	1317	2
4	1318	2
5	1319	3
5	1320	5
5	1321	0
5	1322	2
5	1323	4
5	1324	4
5	1325	0
5	1326	5
5	1327	4
5	1328	5
5	1329	2
5	1330	1
5	1331	1
5	1332	5
5	1333	0
5	1334	0
5	1335	2
5	1336	0
5	1337	0
5	1338	1
5	1339	0
5	1340	4
5	1341	1
5	1342	4
5	1343	0
5	1344	0
5	1345	0
5	1346	4
5	1347	5
5	1348	5
5	1349	4
5	1350	5
5	1351	4
5	1352	0
5	1353	5
5	1354	2
5	1355	0
5	1356	4
5	1357	0
5	1358	0
5	1359	0
5	1360	0
5	1361	2
5	1362	1
5	1363	5
5	1364	5
5	1365	4
5	1366	5
5	1367	2
5	1368	0
5	1369	3
5	1370	5
5	1371	0
5	1372	2
5	1373	5
5	1374	5
5	1375	4
5	1376	4
5	1377	0
5	1378	5
5	1379	3
5	1380	0
5	1381	0
5	1382	0
5	1383	3
5	1384	2
5	1385	3
5	1386	5
5	1387	5
5	1388	0
5	1389	0
5	1390	1
5	1391	0
5	1392	5
5	1393	5
5	1394	0
5	1395	0
5	1396	5
5	1397	5
5	1398	4
5	1399	1
5	1400	0
5	1401	5
5	1402	5
5	1403	1
5	1404	0
5	1405	0
5	1406	1
5	1407	2
5	1408	4
5	1409	4
5	1410	0
5	1411	0
5	1412	2
5	1413	5
5	1414	0
5	1415	0
5	1416	5
5	1417	5
5	1418	0
5	1419	1
5	1420	3
5	1421	5
5	1422	5
5	1423	0
5	1424	0
5	1425	1
5	1426	5
5	1427	0
5	1428	0
5	1429	0
5	1430	5
5	1431	0
5	1432	3
5	1433	4
5	1434	4
5	1435	3
5	1436	5
5	1437	3
5	1438	2
5	1439	2
5	1440	0
5	1441	0
5	1442	5
5	1443	5
5	1444	5
5	1445	5
5	1446	0
5	1447	5
5	1448	5
5	1449	0
5	1450	5
5	1451	0
5	1452	0
5	1453	4
5	1454	5
5	1455	2
5	1456	3
5	1457	0
5	1458	0
5	1459	0
5	1460	5
5	1461	4
5	1462	0
5	1463	0
5	1464	5
5	1465	0
5	1466	0
5	1467	0
5	1468	2
5	1469	5
5	1470	1
5	1471	0
5	1472	5
5	1473	5
5	1474	2
5	1475	0
5	1476	5
5	1477	0
5	1478	2
5	1479	4
5	1480	3
5	1481	4
5	1482	0
5	1483	5
5	1484	5
5	1485	5
5	1486	4
5	1487	0
5	1488	2
5	1489	0
5	1490	0
5	1491	2
5	1492	5
5	1493	3
5	1494	0
5	1495	2
5	1496	3
5	1497	5
5	1498	4
5	1499	0
5	1500	5
5	1501	0
5	1502	2
5	1503	0
5	1504	2
5	1505	0
5	1506	1
5	1507	0
5	1508	5
5	1509	5
5	1510	2
5	1511	0
5	1512	0
5	1513	0
5	1514	0
5	1515	0
5	1516	3
5	1517	4
5	1518	5
5	1519	5
5	1520	2
5	1521	4
5	1522	5
5	1523	5
5	1524	0
5	1525	2
5	1526	1
5	1527	1
5	1528	0
5	1529	5
5	1530	0
5	1531	4
5	1532	4
5	1533	2
5	1534	2
5	1535	1
5	1536	0
5	1537	5
5	1538	2
5	1539	5
5	1540	0
5	1541	5
5	1542	4
5	1543	5
5	1544	5
5	1545	5
5	1546	0
5	1547	4
5	1548	0
5	1549	0
5	1550	5
5	1551	0
5	1552	4
5	1553	4
5	1554	0
5	1555	2
5	1556	0
5	1557	1
5	1558	5
5	1559	0
5	1560	2
5	1561	0
5	1562	5
5	1563	4
5	1564	2
5	1565	5
5	1566	5
5	1567	5
5	1568	0
5	1569	3
5	1570	0
5	1571	5
5	1572	5
5	1573	5
5	1574	2
5	1575	1
5	1576	0
5	1577	0
5	1578	0
5	1579	2
5	1580	0
5	1581	0
5	1582	2
5	1583	2
5	1584	0
5	1585	5
5	1586	0
5	1587	5
5	1588	5
5	1589	0
5	1590	5
5	1591	1
5	1592	3
5	1593	0
5	1594	2
5	1595	4
5	1596	5
5	1597	4
5	1598	5
5	1599	4
5	1600	5
5	1601	3
5	1602	4
5	1603	4
5	1604	4
5	1605	2
5	1606	4
6	1607	0
6	1608	0
6	1609	5
6	1610	0
6	1611	5
6	1612	5
6	1613	5
6	1614	5
6	1615	0
6	1616	2
6	1617	5
6	1618	5
6	1619	0
6	1620	0
6	1621	0
6	1622	0
6	1623	2
6	1624	0
6	1625	5
6	1626	0
6	1627	0
6	1628	2
6	1629	4
6	1630	4
6	1631	0
6	1632	5
6	1633	3
6	1634	0
6	1635	2
6	1636	1
6	1637	4
6	1638	5
6	1639	5
6	1640	4
6	1641	4
6	1642	5
6	1643	2
6	1644	5
6	1645	5
6	1646	3
6	1647	2
6	1648	5
6	1649	5
6	1650	5
6	1651	0
6	1652	4
6	1653	5
6	1654	4
6	1655	4
6	1656	0
6	1657	0
6	1658	5
6	1659	0
6	1660	4
6	1661	1
6	1662	0
6	1663	0
6	1664	1
6	1665	2
6	1666	0
6	1667	0
6	1668	0
6	1669	2
6	1670	5
6	1671	4
6	1672	3
6	1673	0
6	1674	5
6	1675	1
6	1676	5
6	1677	5
6	1678	5
6	1679	0
6	1680	0
6	1681	0
6	1682	2
6	1683	0
6	1684	5
6	1685	4
6	1686	2
6	1687	5
6	1688	0
6	1689	0
6	1690	0
6	1691	5
6	1692	0
6	1693	5
6	1694	1
6	1695	4
6	1696	3
6	1697	0
6	1698	2
6	1699	0
6	1700	0
6	1701	2
6	1702	3
6	1703	0
6	1704	4
6	1705	5
6	1706	4
6	1707	5
6	1708	0
6	1709	0
6	1710	0
6	1711	1
6	1712	5
6	1713	5
6	1714	4
6	1715	4
6	1716	5
6	1717	2
6	1718	3
6	1719	0
6	1720	0
6	1721	0
6	1722	1
6	1723	5
6	1724	0
6	1725	0
6	1726	0
6	1727	0
6	1728	0
6	1729	0
6	1730	2
6	1731	4
6	1732	0
6	1733	2
6	1734	0
6	1735	1
6	1736	0
6	1737	0
6	1738	0
6	1739	5
6	1740	0
6	1741	0
6	1742	0
6	1743	0
6	1744	0
6	1745	0
6	1746	1
6	1747	0
6	1748	5
6	1749	0
6	1750	2
6	1751	1
6	1752	5
6	1753	5
6	1754	0
6	1755	4
6	1756	5
6	1757	5
6	1758	2
6	1759	5
6	1760	5
6	1761	2
6	1762	4
6	1763	4
6	1764	2
6	1765	0
6	1766	0
6	1767	5
6	1768	5
6	1769	5
6	1770	5
6	1771	0
6	1772	2
6	1773	4
6	1774	5
6	1775	5
6	1776	2
6	1777	0
6	1778	4
6	1779	2
6	1780	4
6	1781	0
6	1782	4
6	1783	5
6	1784	5
6	1785	3
6	1786	0
6	1787	0
6	1788	0
6	1789	3
6	1790	5
6	1791	0
6	1792	4
6	1793	0
6	1794	2
6	1795	2
6	1796	2
6	1797	4
6	1798	0
6	1799	0
6	1800	3
6	1801	1
6	1802	2
6	1803	2
6	1804	5
6	1805	0
6	1806	5
6	1807	5
6	1808	5
6	1809	4
6	1810	4
6	1811	4
6	1812	0
6	1813	5
6	1814	0
6	1815	4
6	1816	1
7	1817	5
7	1818	5
7	1819	5
7	1820	5
7	1821	5
7	1822	5
7	1823	0
7	1824	5
7	1825	4
7	1826	4
7	1827	4
7	1828	5
7	1829	5
7	1830	2
7	1831	0
7	1832	4
7	1833	2
7	1834	0
7	1835	0
7	1836	4
7	1837	1
7	1838	1
7	1839	5
7	1840	5
7	1841	5
7	1842	5
7	1843	0
7	1844	4
7	1845	5
7	1846	4
7	1847	0
7	1848	0
7	1849	5
7	1850	0
7	1851	2
7	1852	3
7	1853	1
7	1854	0
7	1855	0
7	1856	0
7	1857	4
7	1858	0
7	1859	1
7	1860	1
7	1861	5
7	1862	0
7	1863	0
7	1864	2
7	1865	5
7	1866	5
7	1867	5
7	1868	5
7	1869	1
7	1870	4
7	1871	5
7	1872	5
7	1873	0
7	1874	0
7	1875	1
7	1876	3
7	1877	0
7	1878	1
7	1879	1
7	1880	3
7	1881	4
7	1882	0
7	1883	5
7	1884	0
7	1885	5
7	1886	4
7	1887	1
7	1888	5
7	1889	5
7	1890	0
7	1891	5
7	1892	5
7	1893	0
7	1894	4
7	1895	4
7	1896	4
7	1897	3
7	1898	5
7	1899	5
7	1900	2
7	1901	5
7	1902	5
7	1903	3
7	1904	5
7	1905	5
7	1906	5
7	1907	4
7	1908	5
7	1909	5
7	1910	5
7	1911	3
7	1912	4
7	1913	5
7	1914	4
7	1915	5
7	1916	1
7	1917	0
7	1918	4
7	1919	4
7	1920	2
7	1921	5
7	1922	0
7	1923	3
7	1924	4
7	1925	5
7	1926	4
7	1927	3
7	1928	4
7	1929	5
7	1930	4
7	1931	0
7	1932	5
7	1933	5
7	1934	0
7	1935	5
7	1936	5
7	1937	5
7	1938	5
7	1939	4
7	1940	4
7	1941	5
7	1942	3
7	1943	3
7	1944	4
7	1945	3
7	1946	5
7	1947	5
7	1948	0
7	1949	5
7	1950	5
7	1951	4
7	1952	2
7	1953	5
7	1954	5
7	1955	0
7	1956	5
7	1957	5
7	1958	0
7	1959	1
7	1960	3
7	1961	3
7	1962	4
7	1963	1
7	1964	0
7	1965	0
7	1966	0
7	1967	0
7	1968	3
7	1969	5
7	1970	5
7	1971	2
7	1972	0
7	1973	4
7	1974	5
7	1975	0
7	1976	0
7	1977	5
7	1978	5
7	1979	5
7	1980	5
7	1981	4
7	1982	5
7	1983	5
7	1984	4
7	1985	0
7	1986	4
7	1987	0
7	1988	3
7	1989	4
7	1990	4
7	1991	3
7	1992	3
7	1993	4
7	1994	4
7	1995	5
7	1996	5
7	1997	0
7	1998	0
7	1999	5
7	2000	0
7	2001	0
7	2002	1
7	2003	1
7	2004	5
7	2005	4
7	2006	0
7	2007	5
7	2008	5
7	2009	2
7	2010	0
7	2011	2
7	2012	1
7	2013	0
7	2014	0
7	2015	4
7	2016	2
7	2017	4
7	2018	4
7	2019	0
7	2020	0
7	2021	4
7	2022	0
7	2023	1
7	2024	0
7	2025	0
7	2026	0
7	2027	5
7	2028	0
7	2029	5
7	2030	0
7	2031	5
7	2032	1
7	2033	1
7	2034	4
7	2035	3
7	2036	2
7	2037	0
7	2038	0
7	2039	3
7	2040	1
7	2041	2
7	2042	1
7	2043	0
7	2044	4
7	2045	2
7	2046	4
7	2047	5
7	2048	5
7	2049	4
7	2050	5
7	2051	0
7	2052	5
7	2053	5
7	2054	4
7	2055	0
7	2056	5
7	2057	5
7	2058	5
7	2059	0
7	2060	0
7	2061	5
7	2062	5
7	2063	5
7	2064	5
7	2065	5
7	2066	5
7	2067	5
7	2068	0
7	2069	2
7	2070	0
7	2071	0
7	2072	4
7	2073	3
7	2074	0
7	2075	2
8	2076	5
8	2077	4
8	2078	4
8	2079	0
8	2080	0
8	2081	0
8	2082	0
8	2083	1
8	2084	1
8	2085	0
8	2086	0
8	2087	1
8	2088	5
8	2089	4
8	2090	0
8	2091	0
8	2092	0
8	2093	0
8	2094	4
8	2095	4
8	2096	4
8	2097	5
8	2098	4
8	2099	3
8	2100	4
8	2101	4
8	2102	2
8	2103	0
8	2104	5
8	2105	5
8	2106	5
8	2107	4
8	2108	4
8	2109	5
8	2110	5
8	2111	0
8	2112	2
8	2113	0
8	2114	0
8	2115	1
8	2116	3
8	2117	1
8	2118	0
8	2119	2
8	2120	4
8	2121	5
8	2122	2
8	2123	2
8	2124	0
8	2125	5
8	2126	4
8	2127	0
8	2128	3
8	2129	3
8	2130	0
8	2131	1
8	2132	1
8	2133	0
8	2134	0
8	2135	0
8	2136	0
8	2137	0
8	2138	0
8	2139	0
8	2140	5
8	2141	0
8	2142	0
8	2143	1
8	2144	5
8	2145	5
8	2146	2
8	2147	0
8	2148	4
8	2149	0
8	2150	0
8	2151	2
8	2152	3
8	2153	5
8	2154	1
8	2155	0
8	2156	0
8	2157	5
8	2158	0
8	2159	0
8	2160	5
8	2161	5
8	2162	0
8	2163	5
8	2164	1
8	2165	2
8	2166	2
8	2167	0
8	2168	5
8	2169	5
8	2170	5
8	2171	5
8	2172	1
8	2173	2
8	2174	5
8	2175	5
8	2176	0
8	2177	0
8	2178	0
8	2179	5
8	2180	4
8	2181	1
8	2182	1
8	2183	4
8	2184	2
8	2185	0
8	2186	0
8	2187	2
8	2188	5
8	2189	0
8	2190	5
8	2191	5
8	2192	2
8	2193	1
8	2194	0
8	2195	1
8	2196	0
8	2197	0
8	2198	5
8	2199	5
8	2200	0
8	2201	0
8	2202	0
8	2203	5
8	2204	0
8	2205	0
8	2206	5
8	2207	0
8	2208	5
8	2209	1
8	2210	4
8	2211	5
8	2212	1
8	2213	0
8	2214	2
8	2215	0
8	2216	0
8	2217	0
8	2218	2
8	2219	1
8	2220	0
8	2221	5
8	2222	0
8	2223	2
8	2224	0
8	2225	5
8	2226	3
8	2227	2
8	2228	1
8	2229	2
8	2230	0
8	2231	5
8	2232	5
8	2233	0
8	2234	5
8	2235	5
8	2236	5
8	2237	5
8	2238	0
8	2239	4
8	2240	5
8	2241	0
8	2242	3
8	2243	0
8	2244	0
8	2245	0
8	2246	1
8	2247	5
8	2248	5
8	2249	1
8	2250	0
8	2251	5
8	2252	3
8	2253	2
8	2254	0
8	2255	5
8	2256	0
8	2257	5
8	2258	2
8	2259	2
8	2260	0
8	2261	4
8	2262	4
8	2263	3
8	2264	5
8	2265	4
8	2266	0
8	2267	4
8	2268	3
8	2269	5
8	2270	5
8	2271	2
8	2272	1
8	2273	4
8	2274	1
8	2275	2
8	2276	0
8	2277	1
8	2278	2
8	2279	2
8	2280	5
8	2281	2
8	2282	4
8	2283	0
8	2284	5
8	2285	0
8	2286	2
8	2287	2
8	2288	1
8	2289	1
8	2290	4
8	2291	4
8	2292	0
8	2293	1
8	2294	2
8	2295	2
8	2296	1
9	2297	4
9	2298	5
9	2299	5
9	2300	0
9	2301	1
9	2302	0
9	2303	5
9	2304	3
9	2305	0
9	2306	5
9	2307	5
9	2308	4
9	2309	4
9	2310	0
9	2311	2
9	2312	0
9	2313	2
9	2314	1
9	2315	0
9	2316	2
9	2317	0
9	2318	0
9	2319	2
9	2320	4
9	2321	0
9	2322	0
9	2323	4
9	2324	1
9	2325	2
9	2326	1
9	2327	5
9	2328	2
9	2329	4
9	2330	0
9	2331	2
9	2332	1
9	2333	0
9	2334	0
9	2335	0
9	2336	0
9	2337	2
9	2338	0
9	2339	0
9	2340	0
9	2341	4
9	2342	1
9	2343	5
9	2344	5
9	2345	1
9	2346	0
9	2347	5
9	2348	0
9	2349	0
9	2350	1
9	2351	5
9	2352	5
9	2353	5
9	2354	5
9	2355	5
9	2356	4
9	2357	3
9	2358	2
9	2359	0
9	2360	4
9	2361	0
9	2362	2
9	2363	1
9	2364	4
9	2365	0
9	2366	3
9	2367	5
9	2368	3
9	2369	5
9	2370	3
9	2371	0
9	2372	3
9	2373	2
9	2374	3
9	2375	4
9	2376	3
9	2377	5
9	2378	2
9	2379	5
9	2380	3
9	2381	3
9	2382	3
9	2383	4
9	2384	5
9	2385	4
9	2386	3
9	2387	4
9	2388	4
9	2389	5
9	2390	3
9	2391	3
9	2392	4
9	2393	4
9	2394	4
9	2395	3
9	2396	4
9	2397	4
9	2398	4
9	2399	4
9	2400	3
9	2401	4
9	2402	5
9	2403	5
9	2404	3
9	2405	3
9	2406	5
9	2407	3
9	2408	3
9	2409	4
9	2410	4
9	2411	4
9	2412	5
9	2413	3
9	2414	3
9	2415	3
9	2416	5
9	2417	5
9	2418	5
9	2419	3
9	2420	3
9	2421	4
9	2422	5
9	2423	4
9	2424	3
9	2425	5
9	2426	5
9	2427	5
9	2428	3
9	2429	2
9	2430	5
9	2431	3
9	2432	5
9	2433	5
9	2434	4
9	2435	5
9	2436	4
9	2437	5
9	2438	0
9	2439	5
9	2440	3
9	2441	5
9	2442	4
9	2443	4
9	2444	5
9	2445	3
9	2446	3
9	2447	4
9	2448	2
9	2449	1
9	2450	2
9	2451	0
9	2452	0
9	2453	5
9	2454	5
9	2455	0
9	2456	5
9	2457	5
9	2458	0
9	2459	0
9	2460	5
9	2461	2
9	2462	0
9	2463	0
9	2464	4
9	2465	5
9	2466	2
9	2467	2
9	2468	5
9	2469	5
9	2470	0
9	2471	1
9	2472	4
9	2473	4
9	2474	5
9	2475	3
9	2476	5
9	2477	1
9	2478	5
9	2479	0
9	2480	2
9	2481	3
9	2482	0
9	2483	0
9	2484	4
9	2485	4
9	2486	4
9	2487	4
9	2488	5
9	2489	5
9	2490	0
9	2491	0
9	2492	0
9	2493	3
9	2494	0
9	2495	0
9	2496	0
9	2497	5
9	2498	3
9	2499	4
9	2500	5
9	2501	5
9	2502	4
9	2503	0
9	2504	0
9	2505	2
9	2506	1
9	2507	5
9	2508	0
9	2509	0
9	2510	5
9	2511	5
9	2512	4
9	2513	2
9	2514	0
9	2515	1
9	2516	0
9	2517	0
9	2518	5
9	2519	5
9	2520	4
9	2521	4
9	2522	5
9	2523	4
9	2524	4
9	2525	0
9	2526	0
9	2527	2
9	2528	1
9	2529	4
9	2530	0
9	2531	1
10	2532	5
10	2533	5
10	2534	4
10	2535	2
10	2536	4
10	2537	0
10	2538	3
10	2539	0
10	2540	4
10	2541	4
10	2542	4
10	2543	5
10	2544	0
10	2545	0
10	2546	5
10	2547	1
10	2548	1
10	2549	0
10	2550	0
10	2551	4
10	2552	4
10	2553	5
10	2554	4
10	2555	3
10	2556	0
10	2557	0
10	2558	5
10	2559	5
10	2560	5
10	2561	0
10	2562	2
10	2563	3
10	2564	3
10	2565	0
10	2566	0
10	2567	5
10	2568	5
10	2569	0
10	2570	1
10	2571	0
10	2572	5
10	2573	3
10	2574	0
10	2575	2
10	2576	5
10	2577	5
10	2578	5
10	2579	5
10	2580	5
10	2581	5
10	2582	4
10	2583	5
10	2584	5
10	2585	4
10	2586	5
10	2587	5
10	2588	0
10	2589	4
10	2590	0
10	2591	3
10	2592	2
10	2593	5
10	2594	3
10	2595	4
10	2596	3
10	2597	4
10	2598	5
10	2599	4
10	2600	4
10	2601	4
10	2602	5
10	2603	5
10	2604	4
10	2605	5
10	2606	5
10	2607	2
10	2608	4
10	2609	2
10	2610	4
10	2611	0
10	2612	0
10	2613	0
10	2614	1
10	2615	5
10	2616	5
10	2617	3
10	2618	5
10	2619	0
10	2620	0
10	2621	0
10	2622	5
10	2623	1
10	2624	1
10	2625	4
10	2626	0
10	2627	1
10	2628	0
10	2629	5
10	2630	0
10	2631	5
10	2632	5
10	2633	5
10	2634	0
10	2635	0
10	2636	5
10	2637	0
10	2638	0
10	2639	3
10	2640	0
10	2641	0
10	2642	0
10	2643	4
10	2644	5
10	2645	5
10	2646	0
10	2647	0
10	2648	0
10	2649	4
10	2650	4
10	2651	5
10	2652	5
10	2653	5
10	2654	1
10	2655	5
10	2656	4
10	2657	2
10	2658	2
10	2659	5
10	2660	5
10	2661	1
10	2662	4
10	2663	5
10	2664	4
10	2665	0
10	2666	4
10	2667	4
10	2668	0
10	2669	0
10	2670	1
10	2671	0
10	2672	0
10	2673	0
10	2674	1
10	2675	5
10	2676	4
10	2677	0
10	2678	5
10	2679	4
10	2680	0
10	2681	0
10	2682	5
10	2683	0
10	2684	5
10	2685	5
10	2686	5
10	2687	5
10	2688	0
10	2689	1
10	2690	0
10	2691	0
10	2692	5
10	2693	5
10	2694	5
10	2695	5
10	2696	1
10	2697	0
10	2698	1
10	2699	0
10	2700	0
10	2701	5
10	2702	1
10	2703	5
11	2704	3
11	2705	2
11	2706	4
11	2707	0
11	2708	2
11	2709	5
11	2710	0
11	2711	2
11	2712	5
11	2713	5
11	2714	0
11	2715	0
11	2716	0
11	2717	5
11	2718	2
11	2719	3
11	2720	1
11	2721	5
11	2722	0
11	2723	3
11	2724	4
11	2725	0
11	2726	4
11	2727	5
11	2728	4
11	2729	5
11	2730	5
11	2731	2
11	2732	2
11	2733	4
11	2734	4
11	2735	5
11	2736	3
11	2737	0
11	2738	4
11	2739	0
11	2740	1
11	2741	0
11	2742	1
11	2743	2
11	2744	0
11	2745	0
11	2746	5
11	2747	4
11	2748	2
11	2749	4
11	2750	3
11	2751	1
11	2752	4
11	2753	4
11	2754	5
11	2755	0
11	2756	0
11	2757	3
11	2758	0
11	2759	0
11	2760	0
11	2761	0
11	2762	5
11	2763	0
11	2764	5
11	2765	3
11	2766	2
11	2767	2
11	2768	2
11	2769	1
11	2770	2
11	2771	0
11	2772	3
11	2773	5
11	2774	5
11	2775	0
11	2776	5
11	2777	5
11	2778	4
11	2779	0
11	2780	3
11	2781	3
11	2782	2
11	2783	0
11	2784	3
11	2785	5
11	2786	0
11	2787	0
11	2788	0
11	2789	4
11	2790	3
11	2791	0
11	2792	3
11	2793	2
11	2794	4
11	2795	4
11	2796	0
11	2797	0
11	2798	4
11	2799	3
11	2800	4
11	2801	0
11	2802	5
11	2803	5
11	2804	4
11	2805	4
11	2806	4
11	2807	4
11	2808	4
11	2809	5
11	2810	5
11	2811	5
11	2812	5
11	2813	5
11	2814	4
11	2815	4
11	2816	4
11	2817	0
11	2818	5
11	2819	1
11	2820	1
11	2821	0
11	2822	0
11	2823	0
11	2824	4
11	2825	5
11	2826	5
11	2827	0
11	2828	0
11	2829	5
11	2830	0
11	2831	0
11	2832	5
11	2833	5
11	2834	2
11	2835	5
11	2836	5
11	2837	5
11	2838	0
11	2839	5
11	2840	1
11	2841	0
11	2842	4
11	2843	0
11	2844	0
11	2845	0
11	2846	1
11	2847	0
11	2848	1
11	2849	0
11	2850	2
11	2851	4
11	2852	3
11	2853	1
11	2854	1
11	2855	4
11	2856	0
11	2857	4
11	2858	4
11	2859	5
11	2860	4
11	2861	0
11	2862	5
11	2863	2
11	2864	0
11	2865	5
11	2866	0
11	2867	0
11	2868	0
11	2869	3
11	2870	1
11	2871	4
11	2872	5
11	2873	4
11	2874	5
11	2875	3
11	2876	0
11	2877	1
11	2878	0
11	2879	5
11	2880	5
11	2881	5
11	2882	0
11	2883	5
11	2884	0
11	2885	1
11	2886	3
11	2887	3
11	2888	4
11	2889	5
11	2890	5
11	2891	5
11	2892	5
11	2893	4
12	2894	4
12	2895	3
12	2896	5
12	2897	5
12	2898	2
12	2899	0
12	2900	5
12	2901	5
12	2902	0
12	2903	4
12	2904	5
12	2905	5
12	2906	4
12	2907	4
12	2908	5
12	2909	5
12	2910	4
12	2911	4
12	2912	5
12	2913	2
12	2914	0
12	2915	1
12	2916	0
12	2917	0
12	2918	0
12	2919	3
12	2920	2
12	2921	4
12	2922	3
12	2923	0
12	2924	4
12	2925	5
12	2926	5
12	2927	5
12	2928	0
12	2929	0
12	2930	4
12	2931	1
12	2932	5
12	2933	5
12	2934	5
12	2935	4
12	2936	5
12	2937	4
12	2938	4
12	2939	0
12	2940	4
12	2941	0
12	2942	5
12	2943	4
12	2944	4
12	2945	1
12	2946	4
12	2947	0
12	2948	5
12	2949	5
12	2950	4
12	2951	5
12	2952	5
12	2953	5
12	2954	0
12	2955	5
12	2956	5
12	2957	2
12	2958	0
12	2959	0
12	2960	5
12	2961	5
12	2962	5
12	2963	5
12	2964	0
12	2965	5
12	2966	1
12	2967	3
12	2968	5
12	2969	5
12	2970	4
12	2971	0
12	2972	2
12	2973	5
12	2974	0
12	2975	4
12	2976	5
12	2977	5
12	2978	0
12	2979	4
12	2980	5
12	2981	1
12	2982	4
12	2983	0
12	2984	3
12	2985	2
12	2986	5
12	2987	5
12	2988	0
12	2989	0
12	2990	5
12	2991	1
12	2992	5
12	2993	5
12	2994	3
12	2995	0
12	2996	0
12	2997	4
12	2998	5
12	2999	2
12	3000	0
12	3001	5
12	3002	0
12	3003	5
12	3004	5
12	3005	0
12	3006	5
12	3007	5
12	3008	4
12	3009	5
12	3010	0
12	3011	0
12	3012	5
12	3013	0
12	3014	1
12	3015	4
12	3016	1
12	3017	0
12	3018	4
12	3019	5
12	3020	5
12	3021	2
12	3022	0
12	3023	0
12	3024	4
12	3025	3
12	3026	0
12	3027	2
12	3028	5
12	3029	5
12	3030	0
12	3031	1
12	3032	5
12	3033	0
12	3034	4
12	3035	4
12	3036	4
12	3037	4
12	3038	4
12	3039	5
12	3040	0
12	3041	3
12	3042	2
12	3043	3
12	3044	0
12	3045	0
12	3046	5
12	3047	3
12	3048	1
12	3049	0
12	3050	0
12	3051	4
12	3052	0
12	3053	2
12	3054	0
12	3055	5
12	3056	5
12	3057	5
12	3058	5
12	3059	0
12	3060	2
12	3061	4
12	3062	0
12	3063	3
12	3064	5
12	3065	0
12	3066	5
12	3067	0
12	3068	4
12	3069	0
12	3070	1
12	3071	5
12	3072	4
12	3073	5
12	3074	4
12	3075	5
12	3076	0
12	3077	5
12	3078	5
12	3079	0
12	3080	0
12	3081	0
12	3082	5
12	3083	0
12	3084	5
12	3085	5
13	3086	5
13	3087	0
13	3088	2
13	3089	5
13	3090	4
13	3091	5
13	3092	0
13	3093	5
13	3094	4
13	3095	5
13	3096	4
13	3097	0
13	3098	4
13	3099	1
13	3100	5
13	3101	0
13	3102	4
13	3103	4
13	3104	5
13	3105	0
13	3106	5
13	3107	5
13	3108	4
13	3109	5
13	3110	1
13	3111	5
13	3112	0
13	3113	0
13	3114	3
13	3115	5
13	3116	5
13	3117	0
13	3118	3
13	3119	4
13	3120	0
13	3121	4
13	3122	0
13	3123	0
13	3124	4
13	3125	0
13	3126	4
13	3127	5
13	3128	5
13	3129	1
13	3130	0
13	3131	0
13	3132	4
13	3133	0
13	3134	1
13	3135	4
13	3136	5
13	3137	5
13	3138	0
13	3139	4
13	3140	0
13	3141	2
13	3142	0
13	3143	1
13	3144	0
13	3145	4
13	3146	0
13	3147	0
13	3148	5
13	3149	0
13	3150	0
13	3151	0
13	3152	5
13	3153	0
13	3154	5
13	3155	0
13	3156	0
13	3157	2
13	3158	2
13	3159	1
13	3160	4
13	3161	5
13	3162	2
13	3163	0
13	3164	4
13	3165	0
13	3166	0
13	3167	4
13	3168	0
13	3169	0
13	3170	5
13	3171	0
13	3172	2
13	3173	0
13	3174	2
13	3175	1
13	3176	5
13	3177	0
13	3178	0
13	3179	0
13	3180	0
13	3181	0
13	3182	5
13	3183	1
13	3184	0
13	3185	1
13	3186	0
13	3187	0
13	3188	0
13	3189	1
13	3190	0
13	3191	4
13	3192	0
13	3193	1
13	3194	0
13	3195	5
13	3196	2
13	3197	0
13	3198	0
13	3199	5
13	3200	5
13	3201	0
13	3202	1
13	3203	5
13	3204	3
13	3205	3
13	3206	0
13	3207	4
13	3208	0
13	3209	5
13	3210	5
13	3211	5
13	3212	0
13	3213	0
13	3214	4
13	3215	0
13	3216	0
13	3217	0
13	3218	0
13	3219	0
13	3220	1
13	3221	0
13	3222	0
13	3223	3
13	3224	3
13	3225	4
13	3226	5
13	3227	3
13	3228	3
14	3229	3
14	3230	1
14	3231	4
14	3232	2
14	3233	3
14	3234	3
14	3235	3
14	3236	5
14	3237	4
14	3238	3
14	3239	3
14	3240	5
14	3241	4
14	3242	1
14	3243	4
14	3244	3
14	3245	4
14	3246	3
14	3247	4
14	3248	5
14	3249	5
14	3250	5
14	3251	0
14	3252	0
14	3253	5
14	3254	5
14	3255	0
14	3256	5
14	3257	2
14	3258	5
14	3259	4
14	3260	4
14	3261	0
14	3262	2
14	3263	5
14	3264	4
14	3265	2
14	3266	5
14	3267	5
14	3268	0
14	3269	5
14	3270	0
14	3271	2
14	3272	1
14	3273	0
14	3274	1
14	3275	1
14	3276	4
14	3277	4
14	3278	4
14	3279	2
14	3280	4
14	3281	5
14	3282	0
14	3283	5
14	3284	2
14	3285	0
14	3286	1
14	3287	0
14	3288	0
14	3289	1
14	3290	1
14	3291	0
14	3292	0
14	3293	1
14	3294	4
14	3295	1
14	3296	0
14	3297	1
14	3298	5
14	3299	0
14	3300	0
14	3301	0
14	3302	4
14	3303	0
14	3304	4
14	3305	0
14	3306	0
14	3307	3
14	3308	5
14	3309	4
14	3310	0
14	3311	2
14	3312	3
14	3313	0
14	3314	5
14	3315	5
14	3316	3
14	3317	1
14	3318	0
14	3319	5
14	3320	1
14	3321	0
14	3322	0
14	3323	5
14	3324	5
14	3325	5
14	3326	3
14	3327	5
14	3328	0
14	3329	5
14	3330	5
14	3331	5
14	3332	2
14	3333	5
14	3334	0
14	3335	5
14	3336	3
14	3337	5
14	3338	0
14	3339	4
14	3340	2
14	3341	4
14	3342	0
14	3343	5
14	3344	5
14	3345	4
14	3346	0
14	3347	1
14	3348	5
14	3349	0
14	3350	0
14	3351	5
14	3352	4
14	3353	1
14	3354	0
14	3355	0
14	3356	0
14	3357	0
14	3358	1
14	3359	1
14	3360	0
14	3361	0
14	3362	1
14	3363	0
14	3364	0
14	3365	2
14	3366	5
14	3367	4
14	3368	5
14	3369	0
14	3370	5
14	3371	3
14	3372	2
14	3373	0
14	3374	0
14	3375	5
14	3376	0
14	3377	5
14	3378	4
14	3379	5
14	3380	2
14	3381	5
14	3382	0
14	3383	5
14	3384	5
14	3385	3
14	3386	0
14	3387	0
14	3388	5
15	3389	4
15	3390	3
15	3391	3
15	3392	0
15	3393	5
15	3394	4
15	3395	5
15	3396	4
15	3397	5
15	3398	3
15	3399	4
15	3400	5
15	3401	4
15	3402	4
15	3403	3
15	3404	3
15	3405	5
15	3406	4
15	3407	5
15	3408	1
15	3409	0
15	3410	0
15	3411	5
15	3412	0
15	3413	0
15	3414	5
15	3415	4
15	3416	3
15	3417	0
15	3418	5
15	3419	3
15	3420	4
15	3421	3
15	3422	4
15	3423	2
15	3424	2
15	3425	2
15	3426	4
15	3427	5
15	3428	5
15	3429	3
15	3430	5
15	3431	3
15	3432	4
15	3433	5
15	3434	3
15	3435	5
15	3436	3
15	3437	4
15	3438	5
15	3439	3
15	3440	5
15	3441	5
15	3442	5
15	3443	5
15	3444	5
15	3445	0
15	3446	3
15	3447	0
15	3448	0
15	3449	0
15	3450	5
15	3451	5
15	3452	5
15	3453	5
15	3454	0
15	3455	4
15	3456	0
15	3457	0
15	3458	0
15	3459	2
15	3460	1
15	3461	4
15	3462	5
15	3463	5
15	3464	0
15	3465	5
15	3466	5
15	3467	3
15	3468	0
15	3469	0
15	3470	0
15	3471	0
15	3472	4
15	3473	2
15	3474	1
15	3475	5
15	3476	0
15	3477	2
15	3478	1
15	3479	5
15	3480	5
15	3481	5
15	3482	5
15	3483	2
15	3484	0
15	3485	1
15	3486	4
15	3487	1
15	3488	0
15	3489	4
15	3490	4
15	3491	5
15	3492	0
15	3493	5
15	3494	0
15	3495	5
15	3496	5
15	3497	5
15	3498	0
15	3499	5
15	3500	3
15	3501	2
15	3502	5
15	3503	5
15	3504	0
15	3505	5
15	3506	5
15	3507	0
15	3508	5
15	3509	4
15	3510	5
15	3511	3
15	3512	3
15	3513	5
15	3514	0
15	3515	3
15	3516	5
15	3517	0
15	3518	2
15	3519	0
15	3520	0
15	3521	4
15	3522	4
15	3523	0
15	3524	3
15	3525	5
15	3526	5
15	3527	0
15	3528	5
15	3529	0
15	3530	1
15	3531	4
15	3532	0
16	3533	0
16	3534	3
16	3535	3
16	3536	5
16	3537	4
16	3538	4
16	3539	5
16	3540	1
16	3541	0
16	3542	2
16	3543	0
16	3544	2
16	3545	5
16	3546	3
16	3547	3
16	3548	1
16	3549	5
16	3550	2
16	3551	0
16	3552	5
16	3553	5
16	3554	5
16	3555	4
16	3556	3
16	3557	5
16	3558	3
16	3559	5
16	3560	5
16	3561	4
16	3562	5
16	3563	4
16	3564	5
16	3565	3
16	3566	4
16	3567	3
16	3568	3
16	3569	3
16	3570	3
16	3571	3
16	3572	4
16	3573	0
16	3574	0
16	3575	5
16	3576	5
16	3577	5
16	3578	5
16	3579	1
16	3580	5
16	3581	2
16	3582	5
16	3583	5
16	3584	5
16	3585	5
16	3586	4
16	3587	4
16	3588	4
16	3589	5
16	3590	5
16	3591	5
16	3592	4
16	3593	5
16	3594	5
16	3595	5
16	3596	5
16	3597	5
16	3598	1
16	3599	5
16	3600	3
16	3601	2
16	3602	4
16	3603	5
16	3604	5
16	3605	4
16	3606	3
16	3607	3
16	3608	5
16	3609	0
16	3610	3
16	3611	5
16	3612	5
16	3613	5
16	3614	5
16	3615	1
16	3616	0
16	3617	0
16	3618	5
16	3619	0
16	3620	3
16	3621	0
16	3622	1
16	3623	5
16	3624	0
16	3625	0
16	3626	5
16	3627	5
16	3628	3
16	3629	4
16	3630	5
16	3631	5
16	3632	0
16	3633	0
16	3634	5
16	3635	5
16	3636	4
16	3637	0
16	3638	0
16	3639	5
16	3640	0
16	3641	5
16	3642	0
16	3643	2
16	3644	1
16	3645	5
16	3646	0
16	3647	0
16	3648	0
16	3649	2
16	3650	0
16	3651	0
16	3652	0
16	3653	4
16	3654	4
16	3655	4
16	3656	4
16	3657	5
16	3658	3
16	3659	5
16	3660	4
16	3661	0
16	3662	4
16	3663	4
16	3664	0
16	3665	0
16	3666	5
16	3667	0
16	3668	4
16	3669	0
16	3670	3
16	3671	1
16	3672	0
16	3673	4
16	3674	5
16	3675	3
16	3676	4
17	3677	3
17	3678	3
17	3679	5
17	3680	1
17	3681	1
17	3682	4
17	3683	5
17	3684	0
17	3685	5
17	3686	3
17	3687	4
17	3688	4
17	3689	5
17	3690	0
17	3691	0
17	3692	5
17	3693	4
17	3694	0
17	3695	1
17	3696	3
17	3697	4
17	3698	1
17	3699	0
17	3700	5
17	3701	5
17	3702	5
17	3703	5
17	3704	0
17	3705	0
17	3706	4
17	3707	3
17	3708	3
17	3709	3
17	3710	5
17	3711	0
17	3712	5
17	3713	2
17	3714	5
17	3715	5
17	3716	4
17	3717	4
17	3718	5
17	3719	5
17	3720	5
17	3721	4
17	3722	5
17	3723	4
17	3724	5
17	3725	5
17	3726	4
17	3727	4
17	3728	4
17	3729	4
17	3730	5
17	3731	0
17	3732	4
17	3733	5
17	3734	5
17	3735	5
17	3736	3
17	3737	5
17	3738	5
17	3739	3
17	3740	0
17	3741	5
17	3742	5
17	3743	2
17	3744	5
17	3745	0
17	3746	0
17	3747	0
17	3748	2
17	3749	5
17	3750	0
17	3751	2
17	3752	0
17	3753	0
17	3754	0
17	3755	1
17	3756	1
17	3757	0
17	3758	0
17	3759	0
17	3760	5
17	3761	5
17	3762	5
17	3763	5
17	3764	0
17	3765	4
17	3766	5
17	3767	5
17	3768	5
17	3769	5
17	3770	2
17	3771	0
17	3772	0
17	3773	3
17	3774	0
17	3775	4
17	3776	5
17	3777	5
17	3778	5
17	3779	5
17	3780	0
17	3781	0
17	3782	0
17	3783	1
17	3784	2
17	3785	5
17	3786	4
17	3787	1
17	3788	0
17	3789	5
17	3790	4
17	3791	0
17	3792	5
17	3793	4
17	3794	5
17	3795	3
17	3796	2
17	3797	5
17	3798	2
17	3799	5
17	3800	5
17	3801	0
17	3802	0
17	3803	3
17	3804	4
17	3805	4
18	3806	5
18	3807	5
18	3808	5
18	3809	5
18	3810	5
18	3811	5
18	3812	5
18	3813	0
18	3814	3
18	3815	1
18	3816	1
18	3817	2
18	3818	0
18	3819	3
18	3820	5
18	3821	4
18	3822	0
18	3823	4
18	3824	4
18	3825	5
18	3826	4
18	3827	2
18	3828	5
18	3829	0
18	3830	4
18	3831	4
18	3832	5
18	3833	5
18	3834	5
18	3835	5
18	3836	5
18	3837	5
18	3838	5
18	3839	5
18	3840	5
18	3841	5
18	3842	5
18	3843	5
18	3844	5
18	3845	4
18	3846	5
18	3847	4
18	3848	5
18	3849	0
18	3850	2
18	3851	4
18	3852	5
18	3853	4
18	3854	0
18	3855	2
18	3856	0
18	3857	5
18	3858	0
18	3859	2
18	3860	0
18	3861	0
18	3862	0
18	3863	2
18	3864	2
18	3865	5
18	3866	5
18	3867	0
18	3868	0
18	3869	0
18	3870	5
18	3871	0
18	3872	0
18	3873	0
18	3874	2
18	3875	2
18	3876	0
18	3877	4
18	3878	0
18	3879	0
18	3880	4
18	3881	2
18	3882	0
18	3883	0
18	3884	0
18	3885	5
18	3886	5
18	3887	0
18	3888	2
18	3889	3
18	3890	3
18	3891	5
18	3892	5
18	3893	4
18	3894	0
18	3895	4
18	3896	0
18	3897	5
18	3898	0
18	3899	0
18	3900	2
18	3901	1
18	3902	5
18	3903	0
18	3904	2
18	3905	0
18	3906	4
18	3907	0
18	3908	4
18	3909	0
18	3910	3
18	3911	3
18	3912	5
18	3913	5
18	3914	5
18	3915	5
18	3916	0
18	3917	0
18	3918	1
18	3919	1
18	3920	4
18	3921	2
18	3922	1
18	3923	0
18	3924	2
18	3925	5
18	3926	4
18	3927	4
18	3928	5
18	3929	5
18	3930	0
18	3931	1
18	3932	1
18	3933	5
18	3934	0
18	3935	3
18	3936	2
18	3937	4
18	3938	0
19	3939	2
19	3940	4
19	3941	4
19	3942	0
19	3943	3
19	3944	5
19	3945	4
19	3946	4
19	3947	0
19	3948	4
19	3949	1
19	3950	0
19	3951	0
19	3952	4
19	3953	5
19	3954	0
19	3955	3
19	3956	5
19	3957	0
19	3958	4
19	3959	5
19	3960	5
19	3961	3
19	3962	4
19	3963	4
19	3964	3
19	3965	0
19	3966	1
19	3967	4
19	3968	4
19	3969	4
19	3970	0
19	3971	4
19	3972	4
19	3973	5
19	3974	0
19	3975	0
19	3976	0
19	3977	2
19	3978	0
19	3979	0
19	3980	0
19	3981	5
19	3982	1
19	3983	0
19	3984	5
19	3985	0
19	3986	5
19	3987	5
19	3988	5
19	3989	1
19	3990	5
19	3991	5
19	3992	5
19	3993	2
19	3994	5
19	3995	4
19	3996	5
19	3997	2
19	3998	0
19	3999	1
19	4000	4
19	4001	5
19	4002	5
19	4003	4
19	4004	5
19	4005	5
19	4006	4
19	4007	0
19	4008	0
19	4009	5
19	4010	4
19	4011	5
19	4012	4
19	4013	1
19	4014	1
19	4015	3
19	4016	4
19	4017	3
19	4018	5
19	4019	5
19	4020	5
19	4021	4
19	4022	4
19	4023	5
19	4024	3
19	4025	4
19	4026	5
19	4027	5
19	4028	0
19	4029	5
19	4030	0
19	4031	3
19	4032	5
20	4033	0
20	4034	0
20	4035	5
20	4036	0
20	4037	1
20	4038	4
20	4039	4
20	4040	5
20	4041	0
20	4042	0
20	4043	0
20	4044	5
20	4045	5
20	4046	3
20	4047	5
20	4048	5
20	4049	4
20	4050	4
20	4051	5
20	4052	0
20	4053	4
20	4054	0
20	4055	5
20	4056	0
20	4057	0
20	4058	0
20	4059	0
20	4060	0
20	4061	0
20	4062	5
20	4063	4
20	4064	0
20	4065	5
20	4066	3
20	4067	3
20	4068	5
20	4069	5
20	4070	0
20	4071	0
20	4072	5
20	4073	4
20	4074	4
20	4075	3
20	4076	2
20	4077	5
20	4078	3
20	4079	5
20	4080	5
20	4081	5
20	4082	5
20	4083	5
20	4084	5
20	4085	5
20	4086	5
20	4087	5
20	4088	5
20	4089	5
20	4090	4
20	4091	1
20	4092	4
20	4093	4
20	4094	5
20	4095	4
20	4096	5
20	4097	5
20	4098	5
20	4099	0
20	4100	2
20	4101	3
20	4102	2
20	4103	5
20	4104	5
20	4105	1
20	4106	0
20	4107	5
20	4108	3
20	4109	0
20	4110	4
20	4111	3
20	4112	3
20	4113	0
20	4114	1
20	4115	4
20	4116	5
20	4117	1
20	4118	0
20	4119	1
20	4120	4
20	4121	4
20	4122	3
20	4123	0
20	4124	0
20	4125	5
20	4126	0
20	4127	0
20	4128	3
20	4129	1
20	4130	5
20	4131	0
20	4132	0
20	4133	1
20	4134	5
20	4135	0
20	4136	0
20	4137	5
21	4138	5
21	4139	5
21	4140	3
21	4141	5
21	4142	5
21	4143	4
21	4144	5
21	4145	5
21	4146	5
21	4147	5
21	4148	2
21	4149	1
21	4150	4
21	4151	0
21	4152	5
21	4153	5
21	4154	4
21	4155	0
21	4156	0
21	4157	1
21	4158	3
21	4159	4
21	4160	5
21	4161	4
21	4162	0
21	4163	0
21	4164	0
21	4165	1
21	4166	0
21	4167	0
21	4168	1
21	4169	0
21	4170	0
21	4171	0
21	4172	5
21	4173	5
21	4174	5
21	4175	1
21	4176	0
21	4177	2
21	4178	1
21	4179	0
21	4180	5
21	4181	5
21	4182	2
21	4183	2
21	4184	0
21	4185	2
21	4186	2
21	4187	5
21	4188	5
21	4189	3
21	4190	0
21	4191	2
21	4192	0
21	4193	5
21	4194	4
21	4195	0
21	4196	5
21	4197	0
21	4198	0
21	4199	2
21	4200	0
21	4201	3
22	4202	3
22	4203	5
22	4204	5
22	4205	5
22	4206	4
22	4207	5
22	4208	4
22	4209	3
22	4210	4
22	4211	2
22	4212	4
22	4213	3
22	4214	5
22	4215	5
22	4216	5
22	4217	5
22	4218	5
22	4219	5
22	4220	4
22	4221	5
22	4222	4
22	4223	4
22	4224	5
22	4225	3
22	4226	5
22	4227	3
22	4228	3
22	4229	4
22	4230	0
22	4231	5
22	4232	5
22	4233	4
22	4234	5
22	4235	4
22	4236	4
22	4237	3
22	4238	3
22	4239	3
22	4240	4
22	4241	5
22	4242	5
22	4243	5
22	4244	5
22	4245	5
22	4246	4
22	4247	3
22	4248	2
22	4249	3
22	4250	5
22	4251	4
22	4252	3
22	4253	3
22	4254	4
22	4255	5
22	4256	1
22	4257	0
22	4258	2
22	4259	4
22	4260	0
22	4261	5
22	4262	2
22	4263	4
22	4264	5
22	4265	1
22	4266	5
22	4267	5
22	4268	0
22	4269	0
22	4270	1
22	4271	1
22	4272	5
22	4273	5
22	4274	5
22	4275	0
22	4276	0
22	4277	5
22	4278	5
22	4279	2
22	4280	3
22	4281	1
22	4282	4
22	4283	2
22	4284	4
22	4285	0
22	4286	5
